./data/ccf_nlp
len(docs)=3416
class count:	 defaultdict(<type 'int'>, {0: 1209, 1: 407, -1: 1800})
K	ntrain	f1_micro	f1_macro	f1_seperate
50	500 	0.53	0.51	[ 0.50205761  0.4701087   0.56864216]
50	1000 	0.54	0.53	[ 0.51463169  0.49063032  0.57445868]
50	2000 	0.53	0.53	[ 0.47387387  0.53543307  0.56823266]
100	500 	0.53	0.51	[ 0.44970414  0.50561798  0.58706808]
100	1000 	0.54	0.54	[ 0.47339848  0.55140187  0.58943782]
100	2000 	0.58	0.57	[ 0.54450262  0.56216216  0.61246201]
500	500 	0.50	0.47	[ 0.40649652  0.43894389  0.57570824]
500	1000 	0.53	0.51	[ 0.44293015  0.4845173   0.60586836]
500	2000 	0.59	0.59	[ 0.54246575  0.60923077  0.61756374]

./data/hotel
len(docs)=4000
class count:	 defaultdict(<type 'int'>, {1: 2000, -1: 2000})
K	ntrain	f1_micro	f1_macro	f1_seperate
50	500 	0.81	0.81	[ 0.80750073  0.81683858]
50	1000 	0.82	0.82	[ 0.83353884  0.80406386]
50	2000 	0.83	0.83	[ 0.82675986  0.82623936]
100	500 	0.80	0.80	[ 0.78753709  0.80275482]
100	1000 	0.84	0.84	[ 0.83650953  0.83748754]
100	2000 	0.85	0.85	[ 0.84762866  0.85034688]
500	500 	0.81	0.81	[ 0.8073448   0.81479406]
500	1000 	0.84	0.84	[ 0.84346103  0.84051144]
500	2000 	0.87	0.87	[ 0.8715415   0.86842105]

./data/prod
len(docs)=45875
class count:	 defaultdict(<type 'int'>, {1: 22940, -1: 22935})
K	ntrain	f1_micro	f1_macro
50	500 	0.81	0.81	[ 0.82608872  0.79335455]
50	1000 	0.82	0.82	[ 0.84012589  0.79995987]
50	2000 	0.83	0.82	[ 0.83673078  0.81214617]
100	1000 	0.84	0.84	[ 0.85757405  0.82328856]
100	2000 	0.85	0.85	[ 0.86053637  0.83424781]
500	500 	0.84	0.84	[ 0.83009986  0.84177148]
500	1000 	0.86	0.86	[ 0.86674905  0.85393311]
500	2000 	0.87	0.87	[ 0.87907585  0.86749463]
