的:[1956, 25, 49457]
是:[1125, 37, 49380]
他:[1068, 81, 49351]
我:[1045, 267, 49456]
不:[881, 317, 49106]
你:[684, 282, 49230]
一:[661, 1, 49369]
了:[657, 68, 49475]
这:[649, 130, 49412]
在:[551, 15, 49430]
有:[550, 119, 49368]
个:[484, 97, 49194]
人:[482, 688, 49448]
那:[435, 349, 49422]
说:[359, 132, 48951]
道:[343, 281, 49281]
么:[342, 433, 49226]
来:[342, 388, 48707]
会:[324, 431, 49198]
们:[322, 55, 48525]
可:[304, 903, 49150]
尔:[280, 8, 49470]
而:[278, 50, 49407]
里:[276, 19, 49444]
也:[265, 157, 49111]
到:[264, 880, 48983]
谢:[263, 183, 49388]
顿:[259, 184, 49389]
为:[259, 80, 49192]
没:[256, 332, 48953]
谢顿:[250, 183, 49388]
然:[243, 49, 49350]
要:[238, 410, 49384]
过:[235, 522, 49288]
上:[234, 176, 49433]
得:[233, 177, 49091]
对:[218, 549, 49445]
就:[218, 436, 48837]
以:[218, 230, 49188]
下:[215, 305, 49421]
时:[215, 29, 48610]
事:[211, 680, 49386]
心:[209, 48, 49143]
乔:[200, 210, 49076]
能:[196, 1662, 49210]
什:[191, 676, 49155]
地:[190, 255, 48841]
当:[189, 537, 49009]
什么:[187, 676, 49155]
如:[187, 213, 48334]
学:[187, 53, 49119]
所:[181, 684, 49209]
若:[176, 211, 49077]
着:[174, 639, 49316]
些:[171, 120, 49086]
自:[170, 178, 49092]
无:[169, 12, 48349]
南:[167, 212, 49078]
种:[167, 131, 48879]
理:[164, 511, 49116]
去:[162, 1141, 49474]
想:[162, 1042, 48178]
大:[162, 26, 49124]
丹:[161, 5, 49468]
乔若南:[159, 210, 49163]
莫:[156, 6, 49463]
但:[155, 330, 49409]
于:[154, 135, 49344]
看:[153, 630, 48359]
还:[152, 452, 49367]
意:[151, 329, 49145]
我们:[145, 1411, 48524]
好:[143, 544, 48105]
之:[142, 91, 49347]
帝:[142, 17, 49133]
知:[140, 494, 47506]
茨:[139, 7, 49464]
丹莫茨尔:[138, 5, 50160]
他的:[137, 719, 48995]
中:[133, 47, 49348]
奇:[132, 849, 49034]
实:[130, 624, 49263]
相:[127, 1422, 49435]
果:[127, 275, 48335]
出:[126, 250, 48496]
不是:[125, 1035, 49106]
机:[123, 342, 49446]
见:[119, 2055, 49455]
发:[119, 439, 49410]
生:[119, 67, 48303]
样:[118, 418, 49220]
他们:[118, 138, 48448]
现:[116, 1642, 49411]
一个:[116, 96, 48407]
此:[115, 866, 49108]
很:[113, 172, 48865]
芮:[112, 848, 49033]
没有:[112, 332, 48953]
并:[112, 331, 49025]
芮奇:[111, 848, 49033]
话:[111, 297, 49452]
历:[111, 51, 49117]
起:[109, 218, 49442]
史:[106, 52, 49118]
已:[105, 375, 49414]
从:[104, 200, 48625]
子:[102, 497, 49432]
小:[101, 1290, 45443]
知道:[101, 958, 45674]
把:[101, 473, 49256]
情:[101, 106, 49387]
正:[101, 43, 48977]
用:[99, 266, 49186]
经:[98, 1849, 48693]
前:[98, 92, 47746]
做:[96, 576, 48183]
定:[96, 562, 49212]
多:[96, 102, 47229]
只:[94, 726, 49419]
又:[93, 377, 49152]
头:[93, 346, 49239]
是个:[93, 148, 48470]
其:[93, 60, 49169]
都:[92, 900, 48913]
心理历史学:[92, 535, 50684]
后:[92, 95, 49450]
丝:[91, 367, 49246]
点:[91, 78, 49238]
行:[90, 805, 48731]
区:[87, 457, 48346]
问:[87, 14, 47973]
声:[86, 3525, 48642]
作:[86, 1069, 49325]
关:[86, 188, 48969]
年:[85, 257, 47810]
吗:[84, 2345, 47347]
动:[84, 1857, 48732]
被:[84, 437, 49050]
手:[83, 641, 49265]
克:[83, 18, 48658]
身:[82, 873, 49304]
国:[82, 39, 48785]
陛:[81, 1418, 48635]
许:[81, 645, 49003]
呢:[81, 401, 49157]
哈:[81, 181, 49443]
陛下:[80, 1418, 48635]
笑:[80, 1103, 48101]
可以:[80, 1018, 49112]
听:[80, 323, 48560]
皇:[80, 16, 49296]
如果:[79, 2137, 48334]
吧:[79, 659, 48988]
认:[79, 79, 47780]
真:[78, 42, 48997]
铎:[77, 834, 49245]
根:[77, 713, 48345]
铎丝:[76, 834, 49245]
告:[76, 742, 49374]
马:[76, 277, 46554]
器:[75, 2526, 49447]
将:[75, 1729, 48962]
或:[75, 591, 49002]
成:[75, 484, 48856]
何:[75, 385, 48424]
哈里:[75, 181, 49443]
这种:[75, 130, 47979]
帝国:[75, 38, 48784]
明:[74, 768, 49103]
仅:[74, 370, 46757]
全:[74, 228, 49144]
您:[73, 12780, 48312]
她:[73, 6813, 36172]
题:[73, 982, 47974]
同:[73, 892, 48600]
己:[73, 598, 49093]
自己:[73, 597, 49092]
力:[73, 46, 49044]
更:[72, 498, 48023]
间:[72, 186, 47237]
者:[72, 112, 48890]
任:[71, 1081, 48767]
达:[71, 455, 48719]
世:[71, 22, 47779]
让:[70, 1057, 49101]
确:[69, 1229, 48330]
法:[69, 133, 48254]
跟:[68, 5888, 48870]
面:[68, 699, 49123]
至:[68, 155, 49205]
信:[67, 4369, 48825]
方:[67, 761, 49361]
提:[67, 745, 48689]
这个:[67, 308, 48695]
象:[67, 137, 49096]
可能:[66, 1776, 48866]
算:[66, 341, 48552]
最:[66, 94, 49449]
机器人:[65, 8701, 49533]
现在:[65, 1642, 49129]
说道:[65, 280, 47491]
家:[64, 54, 42553]
并不:[63, 2690, 49025]
诉:[63, 743, 49375]
再:[63, 268, 49454]
那个:[62, 1403, 48273]
必:[62, 386, 49190]
皇帝:[62, 16, 49132]
我不:[61, 1034, 48935]
告诉:[61, 742, 49374]
怎:[60, 3488, 49225]
觉:[60, 2597, 49090]
已经:[60, 1956, 48692]
因:[60, 402, 48250]
当然:[59, 2856, 48763]
天:[59, 989, 47311]
思:[59, 426, 49345]
首:[58, 1421, 49434]
进:[58, 993, 47217]
这是:[58, 864, 48685]
少:[58, 156, 49206]
回:[57, 1757, 49440]
达尔:[57, 455, 44757]
气:[57, 312, 47713]
微:[57, 300, 48099]
常:[57, 221, 46891]
位:[57, 24, 48697]
开:[56, 3701, 47862]
件:[56, 1887, 49370]
向:[56, 1653, 49362]
次:[56, 1083, 48806]
问题:[56, 981, 47973]
陀:[56, 808, 45618]
川陀:[56, 807, 45617]
川:[56, 807, 45617]
口:[55, 1747, 47712]
感:[55, 679, 49089]
先:[54, 5384, 47750]
令:[54, 948, 48592]
重:[54, 70, 49383]
怎么:[53, 3488, 49225]
本:[53, 523, 49048]
打:[53, 438, 48537]
这么:[53, 432, 47315]
不会:[53, 430, 47674]
却:[53, 56, 46396]
记:[52, 3685, 47016]
叫:[52, 3329, 48933]
显:[52, 313, 48589]
干:[51, 1132, 49154]
名:[50, 3328, 48111]
应:[50, 788, 49280]
解:[50, 654, 48802]
数:[50, 489, 46259]
教:[49, 4149, 47972]
安:[49, 446, 48300]
了一:[49, 303, 46906]
非:[49, 220, 46973]
与:[49, 180, 49176]
界:[48, 2886, 46264]
体:[48, 1854, 47888]
才:[48, 1543, 49404]
且:[47, 2928, 49222]
轻:[47, 434, 42570]
不过:[46, 7122, 46808]
和:[46, 1309, 49394]
纳:[46, 837, 46553]
麦克根:[45, 8372, 48429]
麦:[45, 8350, 48343]
世界:[45, 2885, 46263]
尼:[45, 2872, 49469]
变:[45, 1877, 46942]
长:[45, 969, 49427]
比:[45, 838, 48004]
该:[45, 789, 48956]
工:[45, 461, 49203]
还是:[45, 452, 49066]
因为:[45, 402, 47934]
带:[45, 365, 48509]
十:[44, 1959, 47335]
给:[44, 1355, 48219]
太:[44, 626, 48702]
公:[44, 252, 49437]
纳马提:[43, 4912, 46639]
那么:[43, 2811, 47547]
望:[43, 1631, 48543]
目:[43, 1561, 47839]
眼:[43, 1262, 46461]
乎:[43, 718, 46287]
别:[43, 204, 48670]
尽:[43, 190, 49045]
等:[42, 2864, 48972]
谈:[42, 2788, 47304]
几:[42, 1625, 46954]
如此:[42, 1370, 48332]
完:[42, 985, 47824]
白:[42, 769, 49104]
处:[42, 462, 48047]
八:[42, 360, 44310]
权:[42, 45, 41932]
平:[41, 2362, 48971]
论:[41, 1723, 46289]
场:[41, 1431, 47306]
首相:[41, 1421, 49434]
整:[41, 1194, 49193]
一种:[41, 857, 48878]
个人:[41, 708, 49194]
来说:[41, 388, 47895]
儿:[40, 4827, 49336]
这样:[40, 1720, 49219]
直:[40, 564, 48893]
阿:[40, 276, 44401]
管:[40, 191, 49046]
外:[39, 4667, 49109]
保:[39, 1814, 38859]
指:[39, 1634, 48542]
办:[39, 1268, 49436]
高:[39, 669, 47163]
时间:[39, 399, 47236]
分:[39, 28, 48444]
昂:[39, 20, 49290]
肯:[38, 4177, 48376]
容:[38, 3266, 48854]
任何:[38, 2718, 48423]
识:[38, 495, 45080]
有些:[38, 119, 49085]
认为:[38, 79, 47780]
音:[37, 3395, 48506]
改:[37, 2383, 46941]
走:[37, 440, 49466]
度:[37, 175, 48301]
克里昂:[37, 18, 48745]
疑:[37, 13, 48350]
演:[36, 4499, 46557]
所有:[36, 1904, 47281]
那些:[36, 1272, 49055]
及:[36, 935, 45947]
系:[36, 189, 49165]
然而:[36, 49, 48227]
它:[35, 2564, 49170]
为什么:[35, 1443, 45014]
究:[35, 1025, 49121]
政:[35, 40, 45190]
相信:[34, 9010, 48824]
伙:[34, 4787, 42554]
色:[34, 4630, 49425]
确实:[34, 1462, 48330]
想要:[34, 1444, 48178]
日:[34, 1198, 47576]
事情:[34, 1147, 49386]
两:[34, 970, 44543]
除:[34, 703, 46296]
由:[34, 658, 48528]
计:[34, 340, 46909]
则:[34, 127, 48121]
讲:[33, 4500, 46558]
清:[33, 4339, 46172]
受:[33, 4115, 48037]
取:[33, 3386, 49012]
总:[33, 2602, 47173]
需:[33, 1779, 46529]
看来:[33, 1739, 48359]
深:[33, 525, 35751]
达尔区:[33, 457, 44838]
仅仅:[33, 370, 46756]
证:[33, 202, 45508]
便:[33, 147, 45797]
亲:[32, 7153, 44436]
件事:[32, 3740, 49370]
士:[32, 1949, 48464]
工作:[32, 1068, 49203]
老:[32, 585, 44944]
决:[32, 569, 49211]
使:[32, 482, 48851]
言:[32, 326, 49282]
雨:[32, 274, 43604]
即:[32, 146, 46597]
未:[32, 88, 48558]
边:[31, 3813, 49072]
脸:[31, 2806, 46492]
竟:[31, 2486, 48616]
那种:[31, 1447, 48364]
视:[31, 1265, 47931]
光:[31, 1263, 49391]
大学:[31, 1165, 46546]
授:[31, 263, 39855]
特:[31, 203, 44627]
传:[31, 74, 46255]
先生:[30, 5433, 46335]
教授:[30, 4812, 39854]
难:[30, 4007, 44889]
候:[30, 3160, 48611]
曾:[30, 1848, 46948]
还有:[30, 846, 49367]
瑞:[30, 278, 44403]
表:[30, 136, 47062]
强:[30, 108, 47761]
毫:[30, 11, 47819]
发现:[29, 5649, 49410]
肯定:[29, 5149, 48376]
演讲:[29, 4499, 46557]
所以:[29, 1547, 49187]
止:[29, 1093, 46749]
欢:[29, 781, 47039]
或许:[29, 644, 49002]
利:[29, 605, 49472]
三:[29, 338, 48722]
考:[29, 201, 48206]
主:[29, 152, 49057]
性:[29, 63, 45842]
刻:[28, 7381, 49403]
错:[28, 3654, 44730]
怕:[28, 1569, 44553]
活:[28, 722, 47802]
八年:[28, 448, 44310]
阿马瑞尔:[28, 284, 45018]
斯:[28, 208, 48283]
调:[28, 141, 42253]
麦克根人:[27, 22494, 48915]
息:[27, 4572, 47405]
故:[27, 4036, 47441]
需要:[27, 2500, 46529]
通:[27, 1683, 45563]
够:[27, 1256, 46922]
研究:[27, 1024, 49120]
研:[27, 1024, 49120]
数学:[27, 489, 38379]
坐:[27, 420, 45717]
众:[26, 6191, 46731]
量:[26, 3615, 46180]
字:[26, 3334, 45257]
时候:[26, 3159, 48610]
况:[26, 2647, 47118]
离:[26, 2554, 49302]
也许:[26, 2346, 48990]
须:[26, 1129, 49191]
展:[26, 994, 49125]
四:[26, 821, 47336]
甚:[26, 668, 47906]
易:[26, 435, 48855]
显然:[26, 313, 48589]
严:[26, 69, 48314]
治:[26, 62, 45191]
觉得:[25, 7032, 49090]
起来:[25, 3401, 48088]
摇:[25, 3187, 47663]
反:[25, 2517, 47445]
今:[25, 2002, 44367]
岁:[25, 1960, 42465]
住:[25, 1901, 49258]
似:[25, 1708, 46619]
上去:[25, 1140, 45964]
明白:[25, 768, 49103]
注:[25, 748, 48441]
事实:[25, 680, 46855]
虑:[25, 573, 48207]
友:[25, 285, 49459]
远:[25, 197, 49318]
制:[25, 151, 47037]
护:[24, 7222, 33725]
沉:[24, 5420, 49342]
群:[24, 3966, 47032]
声音:[24, 3525, 48505]
危:[24, 2757, 48807]
类:[24, 2274, 49196]
同样:[24, 1893, 48395]
入:[24, 1338, 49408]
关于:[24, 1209, 48969]
紧:[24, 1185, 46361]
域:[24, 939, 45146]
早:[24, 802, 48742]
喜:[24, 780, 46811]
影:[24, 606, 45333]
雨果:[24, 274, 40401]
毫无:[24, 11, 47819]
图:[24, 4, 49461]
改变:[23, 8428, 46941]
而且:[23, 7237, 49221]
区域:[23, 7014, 45145]
乱:[23, 5751, 42258]
律:[23, 3887, 49180]
放:[23, 3687, 48265]
父:[23, 3321, 47910]
哪:[23, 2761, 48775]
险:[23, 2758, 47558]
毕:[23, 2485, 49283]
恐:[23, 1568, 48650]
势:[23, 1567, 46753]
掌:[23, 1339, 49266]
加:[23, 1295, 46929]
必须:[23, 1128, 49190]
找:[23, 879, 47297]
胡:[23, 358, 43059]
至少:[23, 155, 49205]
丹尼尔:[22, 23797, 49555]
匕里孛屯:[22, 18502, 36895]
屯:[22, 18260, 36440]
孛:[22, 18259, 36439]
匕:[22, 18257, 36437]
惊:[22, 6725, 48673]
谁:[22, 3916, 45488]
据:[22, 2944, 46924]
亚:[22, 2874, 48411]
倒:[22, 2829, 46598]
式:[22, 2636, 47265]
留:[22, 1828, 44300]
结:[22, 1706, 48083]
希望:[22, 1630, 45689]
希:[22, 1630, 45689]
东:[22, 1286, 47578]
足:[22, 1255, 48425]
以及:[22, 934, 45136]
原:[22, 926, 45597]
久:[21, 14476, 49341]
达尔人:[21, 13262, 41507]
终:[21, 11725, 49065]
张:[21, 9299, 49058]
物:[21, 7446, 41599]
脱:[21, 6173, 47374]
家伙:[21, 4868, 42553]
地方:[21, 4502, 39360]
步:[21, 4370, 49353]
楚:[21, 4340, 43357]
清楚:[21, 4339, 43356]
快:[21, 3835, 46439]
双:[21, 3521, 40806]
条:[21, 3071, 43435]
民:[21, 2958, 49013]
随:[21, 2923, 49315]
立:[21, 2723, 49338]
情况:[21, 2646, 47117]
暴:[21, 2522, 47738]
或者:[21, 2379, 48889]
失:[21, 2183, 48675]
虽:[21, 1917, 46183]
待:[21, 1785, 48700]
甚至:[21, 1526, 47906]
称:[21, 1504, 48277]
西:[21, 1287, 44411]
喜欢:[21, 780, 46811]
死:[21, 721, 47608]
即便:[21, 146, 44880]
期:[21, 30, 45497]
闻:[20, 27308, 48298]
命:[20, 3788, 47415]
转:[20, 3643, 49287]
服:[20, 3607, 48092]
兴:[20, 2141, 47164]
每:[20, 1993, 47722]
角:[20, 1947, 47017]
仍:[20, 1812, 49181]
近:[20, 1690, 48706]
怀:[20, 1557, 47914]
响:[20, 607, 49441]
意思:[20, 425, 47948]
极:[20, 242, 48733]
员:[20, 116, 43585]
观:[20, 77, 47030]
统:[20, 61, 43199]
部:[20, 2, 44439]
造:[19, 7873, 48159]
细:[19, 7526, 45210]
代:[19, 7071, 48859]
冷:[19, 5411, 48661]
报:[19, 5202, 47879]
带着:[19, 5084, 48509]
头发:[19, 4632, 23478]
内:[19, 3210, 49217]
往:[19, 3112, 33659]
夏:[19, 2873, 48410]
听说:[19, 2847, 40943]
预:[19, 2567, 38445]
毕竟:[19, 2485, 48615]
阻:[19, 2315, 46748]
桌:[19, 1912, 42402]
单:[19, 1400, 45250]
东西:[19, 1286, 44410]
办公:[19, 1268, 49436]
继:[19, 1020, 48766]
另:[19, 1010, 49028]
新:[19, 937, 43814]
根本:[19, 713, 43134]
空:[19, 635, 49418]
爱:[19, 590, 46887]
句:[19, 382, 41450]
语:[19, 311, 49453]
星:[19, 215, 48287]
尽管:[19, 190, 49045]
流:[19, 134, 48413]
讨:[19, 59, 46288]
闪:[18, 23163, 46464]
二:[18, 10878, 48709]
举:[18, 9991, 49352]
餐:[18, 8226, 38054]
吃:[18, 7418, 46432]
敢:[18, 6488, 46501]
试:[18, 6278, 46950]
初:[18, 3861, 45070]
名字:[18, 3333, 37025]
断:[18, 2936, 48887]
尼夏亚:[18, 2874, 48495]
阻止:[18, 2315, 46748]
推:[18, 2238, 49405]
持:[18, 1815, 46968]
发生:[18, 1676, 45434]
存:[18, 1274, 44370]
室:[18, 1270, 49438]
完全:[18, 985, 47824]
万:[18, 960, 47987]
应该:[18, 788, 46859]
半:[18, 756, 45224]
选:[18, 735, 48403]
社:[18, 464, 49197]
年前:[18, 449, 44311]
既:[18, 442, 47646]
计算:[18, 340, 46909]
颇:[18, 315, 40459]
朋:[18, 284, 49458]
第:[18, 0, 49177]
下士:[17, 33458, 37153]
父亲:[17, 25964, 41793]
消:[17, 11948, 47404]
感到:[17, 9217, 41759]
保护:[17, 7221, 25095]
坏:[17, 4791, 49027]
站:[17, 4748, 49068]
全息:[17, 4571, 46231]
假:[17, 3903, 48529]
警:[17, 3679, 34118]
门:[17, 2265, 49406]
落:[17, 2218, 34080]
绝:[17, 1928, 47348]
皱:[17, 1436, 47705]
满:[17, 1191, 46841]
续:[17, 1021, 36147]
考虑:[17, 572, 48206]
社会:[17, 464, 49197]
热:[17, 459, 48839]
费:[17, 396, 46999]
朋友:[17, 284, 49458]
引:[17, 232, 49061]
文:[16, 13008, 45805]
答:[16, 9418, 48834]
装:[16, 7672, 47463]
帮:[16, 6588, 40499]
记得:[16, 4974, 45538]
认识:[16, 4541, 36734]
耸:[16, 4316, 40086]
球:[16, 4179, 48288]
切:[16, 3690, 45505]
像:[16, 3478, 44296]
示:[16, 3472, 46306]
效:[16, 3446, 46253]
怪:[16, 3319, 33304]
无法:[16, 3215, 45784]
获:[16, 2962, 49011]
危险:[16, 2757, 47557]
台:[16, 2512, 40660]
接:[16, 2192, 48708]
如何:[16, 2175, 38596]
苦:[16, 1803, 48093]
年轻:[16, 1773, 41668]
脑:[16, 1017, 46656]
某:[16, 648, 44565]
计算机:[16, 342, 46995]
略:[16, 299, 40838]
百:[16, 226, 46260]
妈:[15, 18337, 42483]
这儿:[15, 18252, 38885]
爸:[15, 18102, 40347]
靠:[15, 15044, 49137]
胡子:[15, 13230, 33432]
采:[15, 11524, 47758]
偏:[15, 10511, 48285]
限:[15, 10215, 48734]
助:[15, 8887, 49039]
味:[15, 8342, 40176]
释:[15, 8130, 42416]
风:[15, 7729, 43603]
控:[15, 7498, 47387]
嘴:[15, 4662, 46369]
五:[15, 3837, 33799]
德:[15, 3580, 45374]
具:[15, 3440, 46420]
导:[15, 2239, 48898]
衰:[15, 2217, 28099]
段:[15, 1986, 37568]
斗:[15, 1948, 45445]
虽然:[15, 1917, 46183]
肩:[15, 1838, 40087]
恐怕:[15, 1568, 40419]
致:[15, 1250, 47414]
罗:[15, 912, 37880]
方面:[15, 894, 49122]
八年前:[15, 450, 44390]
维:[15, 339, 41208]
程:[15, 174, 43565]
义:[15, 153, 39926]
平等:[14, 18607, 48971]
存在:[14, 9388, 44370]
麦克根区:[14, 8492, 49023]
始:[14, 8281, 48308]
异:[14, 8164, 44820]
冒:[14, 7614, 47981]
交:[14, 7406, 48218]
晚:[14, 7303, 28765]
神:[14, 5410, 47504]
行动:[14, 5280, 48731]
寻:[14, 4759, 43532]
忆:[14, 4423, 35405]
意识:[14, 4327, 45079]
暗:[14, 4279, 46488]
校:[14, 4065, 30655]
路:[14, 4046, 43593]
务:[14, 4034, 49172]
节:[14, 3396, 45120]
复:[14, 3218, 47880]
玩:[14, 3103, 46824]
并且:[14, 2927, 47602]
趣:[14, 2142, 47108]
依:[14, 2005, 46494]
十岁:[14, 1959, 42464]
惑:[14, 1916, 37888]
发展:[14, 1616, 44519]
眉:[14, 1439, 47702]
料:[14, 1283, 44777]
影响:[14, 606, 38124]
否:[14, 578, 43176]
烦:[14, 291, 43703]
关系:[14, 188, 48817]
伊图:[14, 3, 49460]
伊:[14, 3, 49460]
查:[13, 13496, 34098]
啊:[13, 12866, 47188]
采取:[13, 11524, 47758]
策:[13, 11516, 48494]
几乎:[13, 11275, 46286]
划:[13, 9794, 48495]
害:[13, 9188, 46212]
生活:[13, 9023, 47801]
各:[13, 8865, 42016]
既然:[13, 7477, 47646]
片:[13, 6356, 49402]
打算:[13, 4729, 42244]
副:[13, 4670, 48672]
人群:[13, 3965, 31547]
弄:[13, 3104, 47692]
合:[13, 2713, 45768]
多少:[13, 2611, 40002]
连:[13, 2574, 48710]
善:[13, 2384, 47598]
育:[13, 1997, 46549]
曾经:[13, 1848, 36377]
怀疑:[13, 1557, 31545]
搞:[13, 1326, 48171]
密:[13, 1296, 48315]
办公室:[13, 1270, 49523]
继续:[13, 1020, 36146]
厌:[13, 368, 38720]
遍:[13, 271, 44423]
基:[13, 254, 41572]
拉:[13, 207, 42955]
尚:[13, 87, 44368]
府:[13, 41, 43583]
证明:[12, 22859, 45508]
线:[12, 21929, 49392]
故事:[12, 17389, 47441]
其它:[12, 12977, 49169]
精:[12, 12341, 47066]
案:[12, 11874, 48835]
默:[12, 8496, 48296]
解释:[12, 8129, 42415]
静:[12, 6992, 44653]
伤:[12, 6682, 46096]
党:[12, 6307, 44612]
形:[12, 5982, 46522]
睛:[12, 4643, 46462]
眼睛:[12, 4642, 46461]
记忆:[12, 4422, 35404]
低:[12, 4271, 39697]
穿:[12, 4062, 46836]
绪:[12, 4050, 49346]
杂:[12, 4031, 48645]
笑容:[12, 3706, 46498]
泽:[12, 3582, 45376]
奇怪:[12, 3318, 33303]
直觉:[12, 2596, 48893]
越:[12, 2371, 36425]
似乎:[12, 1708, 44141]
结果:[12, 1706, 48083]
目前:[12, 1561, 45657]
赶:[12, 1518, 41641]
乐:[12, 1489, 47107]
愿:[12, 1369, 44541]
握:[12, 1340, 49257]
糟:[12, 1223, 47466]
林:[12, 1164, 44220]
慢:[12, 997, 46010]
速:[12, 930, 46251]
逃:[12, 813, 47373]
注意:[12, 748, 46561]
择:[12, 736, 48404]
选择:[12, 735, 48403]
价:[12, 667, 35606]
耳:[12, 611, 44998]
底:[12, 468, 48177]
河:[12, 84, 49164]
统治:[12, 61, 43199]
政府:[12, 40, 43582]
我父亲:[11, 36454, 41465]
刀:[11, 30587, 44473]
新闻:[11, 27307, 43814]
录:[11, 13537, 29083]
居:[11, 13302, 42004]
礼:[11, 12453, 37821]
安全:[11, 12437, 43563]
求:[11, 12061, 46149]
收:[11, 11936, 42517]
耐:[11, 11843, 46854]
最小限度:[11, 10374, 27160]
承:[11, 9161, 33427]
幸:[11, 9028, 47310]
此刻:[11, 8741, 40248]
包:[11, 8512, 45506]
束:[11, 8508, 46240]
化:[11, 8386, 44108]
送:[11, 8282, 45513]
开始:[11, 8280, 46760]
胜:[11, 7591, 47168]
方式:[11, 5937, 32370]
猜:[11, 5226, 39893]
黑:[11, 4664, 49424]
运:[11, 4493, 48981]
乡:[11, 4174, 37290]
置:[11, 4170, 48310]
感觉:[11, 4106, 48880]
露:[11, 4101, 47454]
设:[11, 3904, 48530]
定律:[11, 3886, 49179]
离开:[11, 3700, 32437]
德莫泽尔:[11, 3634, 46009]
名叫:[11, 3328, 38587]
容易:[11, 3266, 48854]
适:[11, 3231, 46938]
尊:[11, 2838, 43346]
免:[11, 2539, 38443]
环:[11, 2363, 40568]
衰落:[11, 2217, 28062]
迹:[11, 1831, 45871]
刚:[11, 1542, 47783]
宫:[11, 1521, 49297]
拥:[11, 1314, 47593]
独:[11, 1300, 37716]
察:[11, 945, 41831]
超:[11, 650, 38763]
忘:[11, 521, 41703]
麻:[11, 290, 39883]
非常:[11, 220, 40882]
纪:[11, 99, 43106]
银河:[11, 83, 49163]
银:[11, 83, 49163]
罪:[10, 30051, 48065]
店:[10, 28903, 33226]
枪:[10, 25425, 44475]
召:[10, 25021, 43489]
钱:[10, 20412, 32959]
备:[10, 12548, 48036]
准:[10, 12547, 42982]
游:[10, 10309, 43922]
除非:[10, 9618, 42374]
指望:[10, 9117, 48542]
唯:[10, 8391, 37230]
男:[10, 8375, 42460]
术:[10, 7915, 44963]
甘:[10, 7804, 41635]
遇:[10, 6896, 47635]
恰:[10, 6538, 46330]
句话:[10, 6378, 41450]
付:[10, 6097, 40119]
责:[10, 5825, 48210]
请:[10, 5423, 42642]
千:[10, 5248, 46247]
冲:[10, 5060, 42306]
毛:[10, 4796, 37373]
杰:[10, 4773, 36301]
电:[10, 4573, 46233]
呼:[10, 4522, 47040]
突:[10, 3528, 49349]
毁:[10, 3203, 43342]
弱:[10, 3169, 43656]
脚:[10, 3061, 49127]
追:[10, 2922, 48467]
处理:[10, 2633, 29367]
测:[10, 2568, 35444]
境:[10, 2364, 27538]
崩:[10, 2320, 48445]
临:[10, 2255, 43491]
态:[10, 2232, 35143]
旦:[10, 2178, 44242]
稳:[10, 2078, 43126]
体育:[10, 1996, 46548]
四十:[10, 1958, 34386]
功:[10, 1628, 47207]
懂:[10, 1328, 48777]
斯特尔林:[10, 1180, 39755]
急:[10, 1054, 48771]
头脑:[10, 1016, 46655]
挥:[10, 637, 47278]
般:[10, 216, 47911]
法律:[9, 21311, 48058]
哦:[9, 17143, 44716]
灭:[9, 15515, 48371]
良:[9, 14658, 49340]
写:[9, 12029, 43151]
差:[9, 10756, 47227]
戏:[9, 10310, 43923]
概:[9, 9948, 47195]
计划:[9, 9793, 35504]
败:[9, 9665, 47639]
念:[9, 8791, 42711]
困:[9, 8780, 44888]
熟:[9, 8020, 43372]
恩:[9, 7808, 48256]
担心:[9, 7307, 31863]
担:[9, 7307, 31863]
照:[9, 6570, 44514]
犹:[9, 6312, 49399]
掉:[9, 6209, 47656]
美:[9, 6113, 35400]
冰:[9, 5412, 33984]
臂:[9, 5112, 49042]
背:[9, 5093, 40448]
爆:[9, 4956, 33926]
集:[9, 4511, 43806]
体育场:[9, 4495, 46634]
渐:[9, 4079, 46457]
通常:[9, 4055, 31941]
建:[9, 3891, 43432]
荒:[9, 3808, 47439]
警告:[9, 3679, 33746]
傻:[9, 3404, 45895]
陷:[9, 3208, 30697]
凭:[9, 2668, 48795]
压:[9, 2516, 46936]
状:[9, 2231, 37197]
角斗:[9, 1947, 30549]
松:[9, 1879, 44137]
皇宫:[9, 1520, 49296]
简:[9, 1399, 47714]
领:[9, 931, 45405]
左:[9, 640, 42466]
忠:[9, 612, 47609]
途:[9, 601, 49016]
槽:[9, 460, 36689]
热槽:[9, 459, 36688]
浪:[9, 395, 46998]
充:[9, 379, 31373]
麻烦:[9, 290, 39883]
书:[9, 229, 43145]
忍:[9, 104, 42904]
诸:[9, 101, 46102]
裂:[9, 90, 46011]
产:[9, 66, 46161]
之外:[8, 20758, 38674]
官:[8, 20397, 43584]
又怎:[8, 19353, 35544]
外部世界:[8, 16285, 28243]
惜:[8, 15430, 47796]
君:[8, 14993, 47739]
穷:[8, 14691, 40892]
记录:[8, 13536, 21229]
承认:[8, 13471, 33427]
摆:[8, 13298, 48327]
街:[8, 13269, 35775]
博:[8, 13002, 42954]
智:[8, 11610, 48390]
浑:[8, 10536, 38435]
拍:[8, 9706, 46969]
孩:[8, 9109, 42461]
痛:[8, 8966, 39742]
寻常:[8, 8492, 43532]
至关:[8, 7196, 25636]
柔:[8, 7090, 49393]
高兴:[8, 6846, 47163]
更糟:[8, 6838, 47465]
豫:[8, 6313, 49400]
犹豫:[8, 6312, 49399]
右:[8, 6171, 42467]
口音:[8, 5689, 33622]
学校:[8, 5198, 8040]
抱:[8, 5114, 40268]
打手:[8, 5086, 6266]
许可证:[8, 5030, 7882]
运动:[8, 4493, 48432]
唤:[8, 4415, 42071]
耸肩:[8, 4318, 40086]
血:[8, 4296, 48457]
隐:[8, 4215, 47301]
旧:[8, 4182, 44484]
赫:[8, 4175, 41723]
树:[8, 4155, 38431]
恶:[8, 4123, 42864]
谓:[8, 3884, 42604]
勃:[8, 3878, 39486]
匆:[8, 3754, 42098]
忘记:[8, 3684, 41703]
犯:[8, 3651, 47962]
操:[8, 3594, 43036]
了解:[8, 3539, 9548]
陷入:[8, 3208, 30697]
彻:[8, 3200, 26657]
股:[8, 3106, 37927]
标:[8, 2943, 42981]
队:[8, 2925, 44232]
追随:[8, 2922, 48467]
例:[8, 2398, 47632]
溃:[8, 2321, 44587]
崩溃:[8, 2320, 44586]
兴趣:[8, 2141, 42713]
山:[8, 2081, 49138]
坚:[8, 2013, 49262]
四十岁:[8, 1960, 34305]
激:[8, 1895, 46199]
验:[8, 1700, 21094]
政治:[8, 1564, 45190]
忙:[8, 1426, 41405]
翼:[8, 1292, 39078]
资:[8, 1282, 35920]
足够:[8, 1255, 45186]
争:[8, 1145, 44478]
份:[8, 1121, 43474]
职:[8, 1110, 38999]
缺:[8, 905, 35948]
亡:[8, 814, 48414]
敬:[8, 589, 48514]
水:[8, 529, 46092]
科:[8, 227, 10021]
观点:[8, 77, 28601]
产生:[8, 66, 46161]
质:[8, 64, 41167]
日主:[7, 45392, 47333]
烈:[7, 23457, 48463]
参:[7, 20042, 49175]
辈:[7, 18436, 41772]
私:[7, 16534, 47221]
施:[7, 15954, 46928]
御:[7, 15129, 46863]
圣:[7, 14547, 48033]
布:[7, 14175, 37731]
诚:[7, 14174, 45400]
论文:[7, 13571, 35346]
仔:[7, 12925, 45209]
全息像:[7, 12528, 42516]
技:[7, 12331, 46970]
约:[7, 11034, 36033]
规:[7, 10995, 33900]
副作用:[7, 10505, 26673]
的改变:[7, 10487, 11475]
格:[7, 10181, 35921]
纯:[7, 9863, 38993]
巧:[7, 9644, 46971]
族:[7, 9166, 45610]
守:[7, 9003, 36139]
复杂:[7, 8692, 36434]
糊:[7, 8464, 48172]
含:[7, 8463, 40064]
古:[7, 8371, 13007]
享:[7, 8359, 40006]
板:[7, 8214, 45413]
印:[7, 8078, 42523]
火:[7, 7731, 44147]
耸耸肩:[7, 7559, 40152]
控制:[7, 7498, 46912]
课:[7, 7163, 29086]
拿:[7, 7104, 39008]
虚:[7, 6724, 44389]
喉:[7, 6669, 42192]
退:[7, 5641, 48607]
权利:[7, 5584, 35926]
拜:[7, 5244, 43303]
法南杰罗斯:[7, 4932, 5860]
周:[7, 4758, 40574]
浅:[7, 4638, 25223]
浓:[7, 4625, 35870]
嗓:[7, 4547, 12773]
房:[7, 4347, 37857]
温:[7, 4219, 42498]
赫利肯:[7, 4185, 37567]
园:[7, 4066, 30656]
怨:[7, 4012, 37447]
惯:[7, 3613, 37740]
习:[7, 3612, 30340]
击:[7, 3194, 47412]
径:[7, 3073, 49017]
预测:[7, 2567, 35443]
环境:[7, 2363, 20629]
联:[7, 2250, 43394]
率:[7, 2221, 46254]
肉:[7, 1845, 43485]
椅:[7, 1758, 49431]
掌握:[7, 1339, 46964]
套:[7, 1299, 47261]
优:[7, 1013, 41714]
迅:[7, 929, 40924]
损:[7, 580, 32423]
热槽工:[7, 461, 36695]
浪费:[7, 395, 46998]
抬:[7, 344, 42347]
词:[7, 310, 47742]
版:[7, 241, 20923]
传单:[6, 42529, 45249]
闪闪发:[6, 40776, 46549]
之内:[6, 36880, 49216]
逮:[6, 36455, 47523]
处决:[6, 34838, 48047]
拘:[6, 34066, 37820]
匕里孛屯人:[6, 32989, 34525]
俺:[6, 32833, 32949]
焦:[6, 32047, 35717]
输:[6, 29479, 47175]
去达尔:[6, 28908, 30986]
卫:[6, 25396, 38189]
片刻:[6, 24360, 49402]
朝:[6, 23587, 49354]
堂:[6, 23476, 46445]
幕:[6, 23218, 46487]
访:[6, 21650, 42061]
谬:[6, 21144, 47440]
荒谬:[6, 21143, 47439]
官员:[6, 20397, 43584]
至关重要:[6, 20292, 25948]
乏:[6, 19950, 47619]
陪:[6, 19631, 35810]
较:[6, 19570, 47262]
扰:[6, 19258, 43651]
努力:[6, 18744, 35050]
努:[6, 18744, 35050]
拾:[6, 18279, 33755]
收拾:[6, 18278, 33754]
嗨:[6, 18157, 46122]
淡:[6, 17876, 44107]
阿甘:[6, 16641, 41634]
手段:[6, 16374, 26712]
百万:[6, 15715, 46260]
武:[6, 15134, 47171]
叛:[6, 15021, 49098]
盛:[6, 14912, 40789]
广:[6, 14151, 43816]
保护者:[6, 14095, 14814]
篇:[6, 13568, 35891]
仔细:[6, 12926, 45209]
缘:[6, 12404, 43647]
组:[6, 12254, 48419]
散:[6, 12251, 42609]
赐:[6, 11973, 43762]
消息:[6, 11948, 47404]
答案:[6, 11873, 48834]
议:[6, 11735, 48690]
供:[6, 11200, 27050]
遵:[6, 10904, 37795]
零:[6, 10688, 49178]
避免:[6, 10590, 38442]
避:[6, 10590, 38442]
游戏:[6, 10309, 43922]
帮助:[6, 10111, 22881]
济:[6, 10032, 43254]
介:[6, 9968, 39990]
慎:[6, 9895, 35085]
括:[6, 8513, 45507]
包括:[6, 8512, 45506]
余:[6, 8510, 48302]
宁:[6, 8484, 38771]
思想:[6, 8474, 17829]
愉:[6, 8155, 29174]
印象:[6, 8078, 42523]
破:[6, 7912, 38714]
迪:[6, 7807, 39488]
稍:[6, 7649, 44648]
饭:[6, 7417, 37304]
歉:[6, 7346, 18196]
王:[6, 7181, 42872]
迷:[6, 7063, 28224]
客:[6, 6932, 17921]
咙:[6, 6670, 42193]
喉咙:[6, 6669, 42192]
女:[6, 5951, 31443]
保安:[6, 5200, 6699]
怒:[6, 5117, 44149]
有许可证:[6, 5097, 7998]
衣:[6, 5076, 33254]
键:[6, 4844, 28084]
措:[6, 4703, 48676]
演讲者:[6, 4661, 5507]
亮:[6, 4550, 42438]
亦:[6, 4359, 48847]
插:[6, 4307, 35132]
顶:[6, 4092, 33314]
校园:[6, 4065, 30655]
闭:[6, 3605, 43548]
唇:[6, 3603, 33379]
硬:[6, 3533, 47762]
迫:[6, 3506, 40184]
宝:[6, 3120, 46991]
属:[6, 2989, 45600]
趋:[6, 2549, 48848]
状态:[6, 2231, 26753]
腰:[6, 2003, 33496]
角斗士:[6, 1949, 30579]
花:[6, 1908, 37895]
叹:[6, 1752, 48487]
皱眉:[6, 1438, 39945]
派:[6, 1354, 40078]
征:[6, 1304, 42124]
负:[6, 1044, 49087]
项:[6, 1023, 42974]
慰:[6, 954, 26897]
迅速:[6, 929, 40924]
模:[6, 416, 27616]
跑:[6, 387, 47043]
仁:[6, 160, 48231]
尚未:[6, 87, 19173]
探:[6, 58, 40101]
需要做的:[5, 44625, 46013]
谤:[5, 42919, 43088]
诽谤:[5, 42918, 43087]
诽:[5, 42918, 43087]
三个人:[5, 32990, 33937]
老爸:[5, 32836, 39505]
牵:[5, 32274, 46372]
焦炭冰:[5, 32099, 34040]
服务员:[5, 32075, 33288]
炭:[5, 32048, 33983]
净:[5, 31882, 47249]
爆裂枪:[5, 30645, 33984]
犯罪:[5, 30108, 30261]
去达尔区:[5, 29310, 31317]
的新闻:[5, 27370, 28550]
判:[5, 26566, 48886]
驾:[5, 23583, 43713]
谋:[5, 23147, 42764]
引起:[5, 22952, 27871]
凝:[5, 21640, 46352]
冷静:[5, 21605, 44650]
妨:[5, 20619, 49031]
区域都:[5, 18635, 30251]
谎:[5, 18453, 47459]
简直:[5, 18285, 47714]
移:[5, 17822, 42083]
潜:[5, 17821, 38983]
斧:[5, 17387, 17518]
愚:[5, 17253, 47529]
缩:[5, 16911, 34159]
加入:[5, 16388, 39918]
景:[5, 16363, 37489]
些小:[5, 16270, 20526]
益:[5, 15589, 49201]
不胜:[5, 15214, 16392]
混:[5, 14989, 31370]
埋:[5, 14702, 24354]
拖:[5, 14514, 25275]
梦:[5, 14373, 42302]
换:[5, 13750, 47259]
刺:[5, 12884, 46198]
伴:[5, 12801, 35811]
荣:[5, 12791, 37939]
粗:[5, 12640, 32056]
涂:[5, 12615, 48173]
瓜:[5, 12280, 42790]
傻瓜:[5, 12279, 42789]
织:[5, 12255, 48420]
组织:[5, 12254, 48419]
呆:[5, 11981, 49337]
排:[5, 11785, 45201]
伤害:[5, 10931, 15575]
原则:[5, 10910, 26833]
关键:[5, 10650, 28083]
沌:[5, 10537, 38436]
浑沌:[5, 10536, 38435]
谨:[5, 9893, 35084]
粹:[5, 9864, 38994]
慢慢:[5, 9689, 46009]
害怕:[5, 9188, 23687]
宣:[5, 9075, 38832]
痛苦:[5, 8966, 29522]
潮:[5, 8726, 37833]
滑:[5, 8536, 46738]
禁:[5, 8381, 42916]
宗:[5, 8379, 47971]
愉快:[5, 8155, 29174]
吸:[5, 8137, 49060]
蠢:[5, 8092, 48789]
试图:[5, 7457, 22326]
挑:[5, 7452, 46591]
食:[5, 7445, 24118]
讨厌:[5, 7176, 34818]
金:[5, 6915, 41175]
纵:[5, 6418, 43037]
弯:[5, 6109, 43918]
骚乱:[5, 5750, 7950]
骚:[5, 5750, 7950]
晃:[5, 5374, 32597]
哼:[5, 5357, 25231]
按:[5, 5352, 37738]
咕:[5, 5242, 47737]
嘀咕:[5, 5241, 47736]
嘀:[5, 5241, 47736]
惹:[5, 5232, 33972]
人群中:[5, 4965, 5894]
盘:[5, 4845, 37878]
材:[5, 4607, 13283]
身材:[5, 4606, 13282]
嗓门:[5, 4547, 6614]
演讲台:[5, 4545, 6456]
腿:[5, 4461, 33284]
薄:[5, 4301, 37423]
稀:[5, 4300, 22757]
频:[5, 4250, 43652]
逐渐:[5, 4078, 26068]
逐:[5, 4078, 26068]
闷:[5, 4054, 39263]
碎:[5, 4032, 22584]
恨:[5, 4013, 39752]
建立:[5, 3891, 43432]
飞:[5, 3817, 46843]
际:[5, 3814, 35494]
茫:[5, 3811, 37463]
母:[5, 3322, 45486]
战:[5, 3211, 46592]
座:[5, 3121, 42203]
登:[5, 3118, 47208]
煽:[5, 2861, 28370]
怜:[5, 2818, 37683]
析:[5, 2555, 48447]
镇:[5, 2515, 43475]
挺:[5, 2008, 49292]
壮:[5, 1931, 30476]
宽:[5, 1835, 48108]
隔:[5, 1571, 37561]
局:[5, 1566, 44243]
资料:[5, 1282, 28448]
琐:[5, 1188, 47005]
职位:[5, 1110, 26243]
醒:[5, 746, 31537]
源:[5, 531, 27492]
商:[5, 262, 34637]
钦:[5, 209, 29224]
拉斯钦:[5, 207, 29269]
永:[5, 196, 41646]
慈:[5, 161, 48232]
的机器人来统治帝国:[4, 48610, 50044]
妈的机器人来统治帝:[4, 48609, 50043]
他妈的机器人来统治:[4, 48608, 50042]
要他妈的机器人来统:[4, 48607, 50041]
想要他妈的机器人来:[4, 48606, 50040]
不想要他妈的机器人:[4, 48605, 50039]
我不想要他妈的机器:[4, 48604, 50038]
网球:[4, 46795, 47289]
网:[4, 46795, 47289]
闪闪发光:[4, 46680, 47120]
日主十四:[4, 46028, 47999]
笑得:[4, 45763, 46397]
很快就:[4, 44202, 46524]
尊严:[4, 42857, 43346]
播:[4, 42610, 46256]
场所:[4, 42023, 47306]
敲:[4, 41347, 42795]
是关于:[4, 40618, 41939]
儡:[4, 34997, 38605]
傀儡:[4, 34996, 38604]
傀:[4, 34996, 38604]
微量调整:[4, 34724, 38136]
耿:[4, 34459, 40444]
治安警察:[4, 34082, 34247]
在匕里孛屯:[4, 33308, 34829]
制服:[4, 33264, 35827]
鬼:[4, 32902, 47507]
周游:[4, 32509, 32641]
光线:[4, 31898, 49391]
干净:[4, 31881, 47247]
买:[4, 31789, 32290]
少年:[4, 31576, 36251]
贫:[4, 30113, 30256]
描:[4, 30098, 45347]
挡:[4, 29903, 42224]
腹:[4, 29630, 46624]
影像:[4, 28511, 44295]
典:[4, 28249, 48257]
丰:[4, 28180, 46275]
暴乱:[4, 27752, 27853]
缓:[4, 26666, 37762]
安慰:[4, 26415, 26896]
牢:[4, 26154, 45861]
很危险:[4, 25848, 34841]
厉:[4, 25003, 48249]
居住:[4, 24480, 42004]
轰:[4, 23969, 44625]
独自:[4, 23827, 30406]
奥:[4, 23774, 49471]
乌:[4, 23483, 33360]
强烈:[4, 23456, 47381]
麦克根区的:[4, 22510, 23055]
审:[4, 22020, 48225]
造访:[4, 21649, 42060]
月:[4, 21574, 37511]
他的头:[4, 21480, 21978]
腔:[4, 20997, 48455]
土:[4, 20996, 47627]
夫:[4, 19971, 48473]
染:[4, 19845, 46422]
植:[4, 19408, 22259]
仰:[4, 19011, 47775]
千五百万:[4, 19010, 28000]
踪:[4, 18769, 45873]
秃:[4, 18023, 22775]
颜:[4, 17989, 40022]
藏:[4, 17485, 36447]
民间:[4, 17423, 20730]
维恩:[4, 17384, 17507]
嘲:[4, 17170, 31003]
调查:[4, 17054, 20380]
无往不胜的:[4, 16857, 16909]
值:[4, 16825, 47517]
招:[4, 16804, 39682]
咬:[4, 16498, 40052]
枝:[4, 16264, 33971]
抚:[4, 16084, 30716]
迈:[4, 15856, 36194]
颤:[4, 15784, 37129]
毁灭:[4, 15514, 27207]
波:[4, 15481, 27910]
倾:[4, 15456, 45025]
窗:[4, 15318, 37190]
领导:[4, 15138, 45405]
位高权重的朋友:[4, 15122, 15232]
叛乱:[4, 15021, 16119]
僻:[4, 14706, 21083]
技术:[4, 14632, 27021]
丢:[4, 14518, 42841]
晋:[4, 13945, 42076]
悔:[4, 13611, 41777]
拒:[4, 13353, 37930]
博士:[4, 13002, 15250]
削:[4, 12943, 34993]
详:[4, 12931, 35263]
旁:[4, 12564, 35966]
准备:[4, 12547, 29909]
彬:[4, 12450, 32067]
俩:[4, 12115, 24250]
瞪:[4, 11979, 33167]
挂:[4, 11686, 39655]
雅:[4, 11466, 45808]
基本:[4, 10948, 27045]
改变方式:[4, 10722, 11619]
巨:[4, 10492, 25504]
范:[4, 10187, 49214]
严格:[4, 10180, 30662]
貌:[4, 10160, 34492]
纯粹:[4, 9863, 38993]
冒险:[4, 9471, 13466]
迎:[4, 8943, 47049]
贤:[4, 8885, 48860]
弃:[4, 8793, 23659]
困惑:[4, 8780, 37887]
这个话题:[4, 8705, 10007]
沉默:[4, 8495, 30702]
含糊:[4, 8463, 40064]
墙:[4, 8208, 33080]
借:[4, 7890, 43785]
假装:[4, 7671, 21999]
挣:[4, 6494, 28776]
妄:[4, 6492, 25622]
油:[4, 6204, 37492]
是否还:[4, 6009, 6038]
戴:[4, 5920, 43250]
抖:[4, 5811, 37130]
托:[4, 5245, 43304]
拜托:[4, 5244, 43303]
胸:[4, 5115, 49293]
朵:[4, 4934, 40260]
盯:[4, 4819, 42556]
顾:[4, 4756, 40569]
围:[4, 4754, 49215]
个演讲者:[4, 4720, 5484]
巴:[4, 4663, 43974]
矮:[4, 4653, 31925]
浓密:[4, 4625, 33362]
狂:[4, 4518, 44383]
透:[4, 4383, 44807]
袋:[4, 4314, 32162]
衫:[4, 4311, 37412]
爽:[4, 4238, 47317]
凉:[4, 4222, 21080]
遭:[4, 4114, 12896]
列:[4, 3910, 37881]
伸:[4, 3798, 39833]
误:[4, 3655, 31125]
阴:[4, 3307, 40274]
宝座:[4, 3120, 42202]
途径:[4, 3072, 49016]
号:[4, 2985, 45754]
目标:[4, 2942, 15566]
支:[4, 2918, 12269]
屈:[4, 2837, 36598]
红:[4, 2832, 41678]
孤:[4, 2722, 44112]
彼:[4, 2698, 31603]
构:[4, 2576, 42889]
阻止崩溃:[4, 2350, 15496]
救:[4, 2270, 30845]
降:[4, 2254, 43490]
络:[4, 2148, 43395]
膀:[4, 1839, 15379]
阔:[4, 1836, 22164]
赶出:[4, 1518, 2464]
委:[4, 1353, 38239]
碍:[4, 999, 32379]
欣:[4, 953, 19276]
玛:[4, 911, 36964]
殊:[4, 860, 24459]
凡:[4, 836, 45729]
逃亡:[4, 813, 24028]
暂:[4, 811, 24124]
评价:[4, 666, 6974]
评:[4, 666, 6974]
超出:[4, 650, 8083]
永远:[4, 196, 17567]
仁慈:[4, 160, 48231]
修:[4, 121, 33368]
残:[4, 103, 38081]
再见:[3, 49267, 49454]
主张:[3, 48979, 49057]
把乔若南:[3, 48349, 48817]
没什么需要做的:[3, 48029, 48099]
开明:[3, 47846, 47862]
烈士:[3, 47686, 48463]
佩:[3, 47519, 48515]
渎:[3, 47390, 48063]
赢:[3, 47024, 47172]
球拍:[3, 46915, 46958]
赛:[3, 46896, 47031]
这种笑声:[3, 46583, 47071]
泪:[3, 46091, 46165]
输给:[3, 45822, 47149]
笑了:[3, 45705, 46434]
交给:[3, 45589, 48218]
了日:[3, 45515, 46169]
告诉芮奇:[3, 45410, 45494]
次演讲:[3, 45199, 45296]
军:[3, 44221, 44567]
暴君:[3, 43195, 47738]
机械构成的人:[3, 42919, 45322]
慌:[3, 42239, 48674]
廊:[3, 41995, 49397]
的政党:[3, 41769, 44690]
后悔:[3, 41761, 41776]
角度:[3, 41537, 47017]
他从不:[3, 41217, 41227]
告诉你的:[3, 41075, 41644]
械:[3, 40648, 42888]
你打算怎么:[3, 40200, 41716]
的情报:[3, 40176, 41934]
饿:[3, 39974, 39984]
不必拘礼:[3, 38252, 38292]
讯:[3, 38140, 43445]
风雨:[3, 37298, 43603]
车:[3, 37187, 37574]
好戏:[3, 37085, 37142]
耳闻:[3, 37035, 44998]
以及那:[3, 36897, 37576]
是我父亲:[3, 36848, 37464]
写下:[3, 36759, 37107]
纸:[3, 36757, 43148]
捕:[3, 36484, 38525]
位数学:[3, 36125, 37052]
洗:[3, 35838, 47244]
见乔若南先生:[3, 35811, 37958]
巷:[3, 35757, 36430]
朕:[3, 35686, 48666]
询:[3, 35656, 37914]
单独:[3, 35619, 37715]
篇论文:[3, 35338, 35405]
地阻止:[3, 35170, 39043]
暴动:[3, 35124, 38990]
先例:[3, 34975, 47631]
乔若南卫队:[3, 34679, 36866]
是治安警察:[3, 34633, 34801]
传召:[3, 34624, 43488]
绘:[3, 34174, 45348]
描绘:[3, 34173, 45347]
留了:[3, 33609, 34149]
打倒:[3, 33468, 33892]
周游过世界:[3, 33433, 33566]
第三:[3, 33097, 34432]
狠:[3, 33093, 35955]
倒了:[3, 33061, 33876]
把刀:[3, 32983, 34030]
俺老:[3, 32835, 32913]
牙:[3, 32626, 46016]
新来的:[3, 32616, 33305]
恭:[3, 32505, 37802]
暗示:[3, 32487, 46094]
睡:[3, 32405, 37359]
桌前:[3, 32313, 32968]
了下去:[3, 32247, 33169]
恤:[3, 31993, 33323]
店堂:[3, 31918, 33226]
抱怨:[3, 31873, 37446]
烘:[3, 31799, 47250]
面包:[3, 31735, 32531]
之辈:[3, 31362, 35589]
活力:[3, 31260, 33417]
脏:[3, 31228, 48117]
带着刀:[3, 30635, 30732]
长在:[3, 30494, 32398]
风险:[3, 30413, 30454]
窟:[3, 30046, 30155]
把他送:[3, 30029, 30823]
你把他:[3, 30028, 30333]
惧:[3, 30012, 48651]
凝视:[3, 29970, 46352]
脾气:[3, 29939, 29958]
脾:[3, 29939, 29958]
女人:[3, 29927, 31443]
怀疑过:[3, 29786, 29853]
芮奇是:[3, 29699, 29826]
养:[3, 29384, 36347]
去那:[3, 29307, 30289]
旅:[3, 29148, 37569]
吸引:[3, 28630, 49060]
屋:[3, 28123, 33202]
异常事件:[3, 27884, 27970]
的计算机:[3, 27638, 27770]
塞:[3, 27516, 33285]
大多数:[3, 27382, 28742]
完美:[3, 27057, 35399]
地步:[3, 26956, 31057]
寻求安慰:[3, 26739, 27225]
消灭:[3, 26733, 27106]
灾:[3, 26703, 27900]
淡化:[3, 26496, 44107]
著:[3, 26102, 43214]
朽:[3, 26071, 31252]
腐朽:[3, 26070, 31251]
腐:[3, 26070, 31251]
是八:[3, 26055, 26988]
僚:[3, 25956, 42019]
登基:[3, 25933, 41571]
侍:[3, 25676, 42038]
喻:[3, 25620, 46076]
个体是:[3, 25555, 25588]
报告:[3, 25178, 27531]
拒绝:[3, 25084, 37930]
趋势:[3, 25005, 46752]
臣:[3, 24753, 47033]
我早:[3, 24722, 26516]
窃:[3, 24634, 45738]
的意义:[3, 24359, 24498]
埋没:[3, 24074, 24105]
匿:[3, 24071, 34757]
共:[3, 23786, 45733]
来自麦克根区的:[3, 23786, 24344]
乌黑:[3, 23483, 33360]
了皇帝:[3, 23242, 24029]
八百:[3, 22321, 28209]
贵:[3, 22280, 46992]
倦:[3, 22137, 27694]
厌倦:[3, 22136, 27693]
人造头发:[3, 21779, 22547]
森:[3, 21701, 30515]
陈:[3, 21682, 39743]
斥:[3, 21579, 31374]
充斥:[3, 21578, 31373]
眯:[3, 21532, 40804]
彩:[3, 21473, 44576]
篡改:[3, 21173, 21221]
篡:[3, 21173, 21221]
推理:[3, 21005, 21038]
总有些:[3, 20994, 22188]
什么关系:[3, 20905, 22996]
标准:[3, 20781, 42981]
流行:[3, 20705, 20754]
壤:[3, 20560, 31700]
销:[3, 20424, 34755]
好大:[3, 19968, 20376]
灰:[3, 19859, 30822]
在想:[3, 19736, 19801]
悦:[3, 19639, 46099]
比较:[3, 19569, 22242]
需求:[3, 19349, 27421]
令她:[3, 19272, 22080]
索:[3, 19151, 21930]
摩:[3, 19111, 25398]
偶:[3, 19105, 38420]
弗:[3, 19084, 49473]
汗:[3, 18896, 32498]
的平等:[3, 18740, 18853]
啥:[3, 18651, 32044]
赖:[3, 18488, 25584]
执:[3, 18478, 43158]
竖:[3, 18320, 40257]
稽:[3, 18064, 45085]
留胡子:[3, 17998, 18058]
牌:[3, 17846, 39660]
那把斧头:[3, 17698, 17751]
操纵:[3, 17539, 43036]
魔:[3, 17446, 44962]
嘲笑:[3, 17170, 22605]
预言未来:[3, 17115, 17245]
尾:[3, 17061, 35778]
很可能会:[3, 17028, 17813]
加入我们:[3, 16915, 17883]
价值:[3, 16824, 35606]
休:[3, 16557, 48608]
在斯特尔林:[3, 16444, 16797]
发现自己:[3, 16425, 18329]
佳:[3, 16373, 25488]
谨慎:[3, 16327, 35084]
枝节:[3, 16264, 16426]
威:[3, 16215, 47408]
颤抖:[3, 15806, 37129]
震:[3, 15783, 45072]
颗:[3, 15717, 24484]
递:[3, 15484, 37102]
需要有:[3, 15124, 15397]
削弱:[3, 15005, 34993]
爱国:[3, 14882, 15490]
固:[3, 14810, 22736]
个保护者:[3, 14768, 14999]
届:[3, 14533, 34259]
替:[3, 14529, 38467]
赞:[3, 14382, 38936]
鲜:[3, 13816, 37284]
顺:[3, 13693, 32272]
就开:[3, 13406, 14325]
昏:[3, 13117, 43190]
荣幸:[3, 12791, 37939]
黄:[3, 12682, 32624]
糊涂:[3, 12614, 48172]
要求:[3, 12060, 16590]
师:[3, 12040, 44964]
辞:[3, 11963, 47385]
朴:[3, 11946, 20518]
屏:[3, 11932, 46486]
会面:[3, 11801, 12209]
冗:[3, 11729, 28242]
欲:[3, 11706, 11854]
吹:[3, 11633, 25126]
扬:[3, 11597, 23336]
夕:[3, 11485, 46977]
庸:[3, 11346, 43191]
勿:[3, 11345, 43041]
营:[3, 11299, 46356]
防:[3, 11242, 45737]
约束:[3, 11034, 26836]
级:[3, 10983, 42017]
循:[3, 10905, 27195]
摸:[3, 10881, 19769]
微乎其微:[3, 10879, 11623]
饶:[3, 10787, 24643]
洁:[3, 10781, 46173]
种改变:[3, 10419, 11290]
的传声板:[3, 10121, 10458]
课题:[3, 10052, 10737]
扮:[3, 9891, 22648]
华:[3, 9870, 37734]
本质:[3, 9803, 10976]
秘:[3, 9796, 47302]
兮:[3, 9647, 24625]
缅:[3, 9376, 49343]
予:[3, 9100, 29783]
代价:[3, 9034, 22277]
福:[3, 9029, 34286]
海:[3, 8958, 27919]
妻子:[3, 8756, 9095]
妻:[3, 8756, 9095]
蒙:[3, 8580, 25044]
氛:[3, 8498, 46365]
津:[3, 8339, 19953]
无可动摇:[3, 8339, 8784]
晚餐:[3, 8277, 8505]
你谈:[3, 8151, 9847]
叙:[3, 8071, 24135]
归:[3, 7931, 48113]
破坏:[3, 7912, 11218]
徒:[3, 7790, 49099]
搅:[3, 7555, 16295]
菜:[3, 7423, 12947]
监护人:[3, 7355, 7384]
监:[3, 7339, 7368]
忧:[3, 7084, 37517]
惯例:[3, 7078, 37740]
卷:[3, 6919, 47626]
钟:[3, 6706, 36879]
一个一个上:[3, 6597, 6684]
如果你敢:[3, 6591, 6730]
珍:[3, 6562, 17484]
浸:[3, 6552, 31507]
挣脱:[3, 6494, 22158]
吁:[3, 6252, 20224]
豪:[3, 6202, 28102]
接着:[3, 6158, 8030]
负责:[3, 5824, 36796]
野:[3, 5737, 28374]
了演讲:[3, 5416, 6455]
停:[3, 5399, 39687]
床:[3, 5373, 32407]
是我们大学的:[3, 5300, 5494]
学校保安:[3, 5284, 5986]
那个演讲者:[3, 5110, 5589]
六:[3, 5096, 30318]
袖:[3, 5077, 39811]
抓:[3, 5071, 33069]
耳朵:[3, 4933, 40259]
业:[3, 4781, 39928]
人群的:[3, 4723, 4931]
大嗓门:[3, 4685, 6629]
瘦:[3, 4659, 18160]
蓝:[3, 4639, 30821]
沙:[3, 4628, 12688]
聚:[3, 4510, 7547]
繁:[3, 4251, 30336]
阳:[3, 4199, 4210]
云:[3, 4196, 37353]
仿:[3, 4168, 28033]
绿:[3, 4154, 35825]
劣:[3, 4124, 46582]
穹:[3, 4091, 30818]
朗:[3, 4081, 47318]
怨恨:[3, 4012, 31389]
实验:[3, 3936, 3977]
础:[3, 3898, 38792]
基础:[3, 3897, 38791]
逝:[3, 3818, 19645]
褪:[3, 3709, 31718]
习惯:[3, 3612, 9993]
漫:[3, 3494, 33387]
蛊惑:[3, 3441, 20208]
蛊:[3, 3441, 20208]
吼:[3, 3424, 42332]
稚:[3, 3343, 34561]
掠:[3, 3309, 6238]
彻底:[3, 3200, 22699]
铲:[3, 3084, 41942]
石:[3, 3062, 34081]
支持:[3, 3045, 12269]
强大:[3, 2919, 3296]
品:[3, 2896, 22468]
个煽动家:[3, 2890, 4507]
羊:[3, 2888, 32275]
肃:[3, 2808, 46270]
覆:[3, 2793, 48428]
颠覆:[3, 2792, 48427]
颠:[3, 2792, 48427]
架:[3, 2577, 37876]
镇压:[3, 2515, 38538]
改善:[3, 2383, 11458]
拯救:[3, 2269, 30844]
拯:[3, 2269, 30844]
谊:[3, 2161, 24327]
友谊:[3, 2160, 24326]
笼:[3, 2147, 16574]
笔:[3, 2007, 37093]
亏:[3, 1990, 41659]
赋:[3, 1952, 39411]
诱惑:[3, 1915, 31837]
诱:[3, 1915, 31837]
允:[3, 1870, 33906]
劳:[3, 1856, 24936]
肌肉:[3, 1844, 12641]
肌:[3, 1844, 12641]
健:[3, 1842, 34272]
痕:[3, 1830, 31711]
遗:[3, 1827, 19942]
磨:[3, 1780, 29388]
当前:[3, 1637, 1687]
婉:[3, 1588, 38514]
敌:[3, 1483, 39541]
泡:[3, 1428, 47036]
伟:[3, 1413, 41548]
迟:[3, 1374, 48741]
轮:[3, 1084, 43644]
嫌:[3, 1037, 15976]
四个:[3, 821, 888]
短:[3, 810, 8713]
舞:[3, 638, 35312]
欠:[3, 616, 15698]
逆:[3, 610, 46526]
层:[3, 469, 20242]
聊:[3, 393, 47004]
补:[3, 378, 29098]
司:[3, 253, 37532]
银河百科全书:[3, 231, 260]
专:[3, 150, 4780]
理所当然的继任者:[2, 55232, 55245]
在亚以太全息电视上:[2, 53270, 54667]
尔在亚以太全息电视:[2, 53269, 54666]
茨尔在亚以太全息电:[2, 53268, 54665]
莫茨尔在亚以太全息:[2, 53267, 54664]
需要做的仅仅是笑:[2, 51249, 51393]
告诉芮奇丹莫茨尔:[2, 50726, 50817]
局势在你掌握之中:[2, 50031, 50069]
还有铎丝:[2, 49921, 49934]
是故意输给我:[2, 49848, 49911]
您没什么需要做的:[2, 49839, 49901]
给麦克根人:[2, 49555, 49768]
把乔若南交:[2, 49549, 49688]
看起来开明:[2, 49383, 49391]
尔走:[2, 49329, 49465]
瑟:[2, 49323, 49324]
袍:[2, 49314, 49428]
长袍:[2, 49313, 49427]
袭:[2, 49307, 49423]
那袭:[2, 49306, 49422]
走廊:[2, 49298, 49396]
这次危机:[2, 49268, 49490]
些主张:[2, 49107, 49143]
眼睛闪闪发光:[2, 48755, 49193]
在起:[2, 48627, 49183]
的选择:[2, 48477, 48488]
于是丹莫茨尔:[2, 48462, 48598]
凭着:[2, 48452, 48795]
会选择:[2, 48452, 48464]
选择自:[2, 48438, 48453]
懦:[2, 48401, 48472]
挑起种族偏见:[2, 48201, 48233]
指控你是个机器人:[2, 48162, 48281]
的惩罚:[2, 48152, 48329]
去干:[2, 48126, 49153]
这次的情况:[2, 48110, 48166]
他们去:[2, 48103, 48210]
罚:[2, 48068, 48245]
惩:[2, 48067, 48244]
亵渎之罪:[2, 48056, 48739]
您应当:[2, 47983, 48013]
敏:[2, 47968, 48883]
克里昂冷:[2, 47731, 49343]
塑造:[2, 47681, 48158]
塑:[2, 47681, 48158]
相信这种说法:[2, 47650, 47668]
挫败:[2, 47622, 47638]
挫:[2, 47622, 47638]
这种球拍:[2, 47577, 47616]
佩服:[2, 47519, 47535]
被逮:[2, 47471, 47522]
亵:[2, 47389, 48062]
关于心理历史学的事:[2, 47332, 47462]
得干干:[2, 47331, 47337]
上也:[2, 47257, 47616]
悲:[2, 47186, 48640]
乔若南的政党:[2, 47186, 47196]
在这种:[2, 47086, 47200]
笑了起来:[2, 47038, 47091]
朝一:[2, 46975, 47574]
持拍:[2, 46925, 46968]
比赛:[2, 46895, 47027]
我的眼睛:[2, 46808, 46846]
的回:[2, 46722, 47021]
采取法律行动:[2, 46491, 46586]
出眼泪:[2, 46222, 46249]
没指望比这更:[2, 46127, 46140]
一牵:[2, 46001, 46371]
毫无人性:[2, 45989, 46054]
还得:[2, 45961, 46764]
个星期之内:[2, 45937, 45956]
快去联络谢顿:[2, 45870, 45892]
还没考虑成熟:[2, 45858, 45864]
一次演讲:[2, 45746, 45832]
了日主:[2, 45598, 45674]
理历史学只是个游戏:[2, 45536, 45993]
心理历史学只是个游:[2, 45535, 45992]
你打算怎么帮我呢:[2, 45367, 45683]
死板:[2, 45350, 45412]
会笑:[2, 45282, 45301]
问及:[2, 45245, 45946]
然一无所知:[2, 45205, 45211]
上做:[2, 45114, 45456]
会以为:[2, 44997, 45175]
领导人:[2, 44842, 45488]
个指控:[2, 44741, 46761]
很快就会:[2, 44736, 45200]
把事情搞:[2, 44654, 44669]
运用:[2, 44637, 48981]
首相告诉:[2, 44547, 44632]
当上:[2, 44533, 44549]
战争:[2, 44468, 44477]
认为丹莫茨尔是:[2, 44424, 44672]
消失:[2, 44297, 47215]
尊严的诋毁:[2, 44183, 44199]
的微弱闪:[2, 44111, 44252]
窃听的密:[2, 44035, 46380]
来说是不可能:[2, 43876, 43891]
的影像:[2, 43719, 44356]
搞得:[2, 43599, 44045]
是诽谤了:[2, 43585, 43591]
巫:[2, 43570, 43573]
皇帝本人:[2, 43548, 44235]
政府官员:[2, 43501, 44180]
扰频:[2, 43498, 43651]
亮的全息像:[2, 43469, 43746]
线路:[2, 43446, 43549]
密闭:[2, 43442, 43547]
会毁了:[2, 43406, 43418]
这样做:[2, 43346, 43403]
个名叫乔若南的人:[2, 43309, 43408]
宗教信念:[2, 43264, 43284]
律仍:[2, 43141, 49180]
执行:[2, 43097, 43158]
刑:[2, 42980, 42985]
严厉:[2, 42939, 48248]
诋:[2, 42860, 42876]
描绘成:[2, 42827, 45430]
这对他来说:[2, 42801, 42901]
怖:[2, 42655, 44824]
恐怖:[2, 42654, 44823]
意图:[2, 42611, 42628]
收到过:[2, 42587, 42593]
呀:[2, 42580, 44719]
像片:[2, 42574, 42796]
赐坐:[2, 42378, 43762]
我是个达尔人:[2, 42374, 42723]
诧:[2, 42346, 47986]
惊诧:[2, 42345, 47985]
告诉你的吗:[2, 42339, 42360]
营造出:[2, 42283, 46442]
达尔区将:[2, 42267, 42453]
怒气:[2, 42266, 44149]
笨:[2, 42235, 42237]
移驾:[2, 42058, 42083]
履:[2, 41977, 49322]
步履:[2, 41976, 49321]
但乔若南却:[2, 41920, 42165]
说那句话:[2, 41878, 42003]
我是个人:[2, 41807, 41847]
边去:[2, 41796, 42160]
位数学界的大人物:[2, 41624, 41642]
叫做心理历史学:[2, 41600, 42237]
闪闪发亮:[2, 41242, 42733]
嗡:[2, 41210, 41211]
假定:[2, 41043, 41220]
金属制:[2, 40921, 41247]
抹:[2, 40798, 43919]
向纳马提:[2, 40760, 41830]
不是人:[2, 40680, 40723]
纳马提是:[2, 40236, 40303]
对付乔若南:[2, 40205, 40375]
乐趣:[2, 40015, 47107]
不饿:[2, 39975, 39983]
来这里:[2, 39941, 40018]
痒:[2, 39757, 39758]
的微笑:[2, 39654, 39737]
有所作为:[2, 39568, 39730]
位官员:[2, 39515, 39534]
种天赋:[2, 39456, 39475]
得有些:[2, 39412, 39819]
名叫斯穆迪杰的:[2, 39364, 39416]
来过:[2, 39319, 39325]
楼:[2, 39303, 49417]
恐怕并非:[2, 39234, 40444]
会与:[2, 39155, 39633]
狡:[2, 39042, 47513]
赞成:[2, 38922, 38936]
痴:[2, 38872, 45901]
我父亲的名字:[2, 38765, 38828]
主见的:[2, 38326, 38373]
辩:[2, 38289, 39043]
逮捕:[2, 38112, 38524]
尽量让:[2, 38059, 39429]
默默:[2, 38048, 48295]
你到这里来干什么:[2, 37989, 38150]
以及那句话:[2, 37913, 38247]
就不必:[2, 37843, 38198]
刚到川陀:[2, 37727, 38799]
要皇帝:[2, 37649, 38179]
达尔区这儿:[2, 37622, 37893]
什么好戏:[2, 37587, 37609]
青:[2, 37508, 45984]
是个热槽工:[2, 37440, 37609]
细雨:[2, 37374, 37383]
暴风雨:[2, 37361, 37403]
地行车:[2, 37249, 37636]
晋见:[2, 37238, 42076]
等着:[2, 37082, 37552]
这位下士:[2, 36958, 37620]
团:[2, 36793, 42262]
躇:[2, 36639, 49249]
踌躇:[2, 36638, 49248]
踌:[2, 36638, 49248]
你认识:[2, 36580, 36730]
姗:[2, 36468, 36469]
穆:[2, 36247, 36299]
他的脸看上去:[2, 36137, 36158]
养父:[2, 36136, 36347]
个当:[2, 36113, 36480]
看守:[2, 36016, 36138]
享受:[2, 35902, 40006]
烂:[2, 35885, 36849]
怎么样了:[2, 35829, 35905]
完美无缺:[2, 35816, 35842]
那篇论文:[2, 35731, 35786]
躁:[2, 35718, 40697]
聆:[2, 35705, 45211]
遵命:[2, 35695, 37795]
单独的:[2, 35679, 35684]
垂询:[2, 35655, 37746]
垂:[2, 35655, 37746]
勇:[2, 35586, 35953]
地阻止了:[2, 35547, 35574]
不可想象:[2, 35455, 35478]
的方案:[2, 35454, 35496]
傀儡皇帝:[2, 35440, 35450]
个算:[2, 35391, 35433]
博览群书:[2, 35358, 35370]
有犯罪分子和贫民窟:[2, 35286, 35329]
销声匿迹:[2, 35176, 35186]
位教授:[2, 35163, 35233]
他恰:[2, 35126, 35163]
匹:[2, 35109, 38975]
览:[2, 34925, 34937]
危险性:[2, 34861, 34968]
声望:[2, 34788, 34795]
告诉了他们:[2, 34749, 34769]
年纪:[2, 34674, 36291]
御思:[2, 34653, 34667]
不年轻:[2, 34634, 34647]
全息像中:[2, 34590, 34613]
事都:[2, 34526, 35222]
被拘留了:[2, 34484, 34568]
练:[2, 34462, 39459]
柜台后的那位:[2, 34452, 34541]
帅:[2, 34445, 44494]
老一:[2, 34314, 34601]
可否:[2, 34236, 36144]
镜子:[2, 34204, 34422]
镜:[2, 34204, 34422]
呵:[2, 34119, 34120]
领袖:[2, 34021, 39810]
有权力:[2, 33879, 33927]
这三个:[2, 33793, 33936]
捣乱分子:[2, 33647, 33655]
倒了下去:[2, 33471, 33521]
齐:[2, 33373, 33374]
子却:[2, 33345, 34205]
种制服:[2, 33320, 33741]
的三个:[2, 33307, 33528]
着腰:[2, 33297, 33495]
你他妈的在:[2, 33260, 33304]
捣:[2, 33236, 33244]
第三个:[2, 33154, 33562]
剩:[2, 33134, 49420]
秒:[2, 33123, 36878]
第二:[2, 33074, 37218]
沟:[2, 33053, 48872]
持刀:[2, 33047, 35960]
一把刀:[2, 33039, 33203]
猛:[2, 33036, 40899]
个新来的:[2, 32957, 32985]
桌前那人:[2, 32951, 33377]
好收拾:[2, 32925, 33811]
俺老爸:[2, 32891, 32952]
老妈:[2, 32838, 32914]
然生:[2, 32802, 33393]
上长大的:[2, 32802, 32813]
要走:[2, 32759, 33190]
通统:[2, 32728, 33240]
柜:[2, 32714, 32795]
受心理历史学:[2, 32689, 32719]
椰子糖衣的:[2, 32669, 32702]
你身上:[2, 32524, 32547]
娘:[2, 32491, 32492]
他少年时代:[2, 32483, 33124]
是睡在:[2, 32457, 32468]
粗声粗气:[2, 32423, 32444]
弟:[2, 32334, 32335]
在街:[2, 32227, 32417]
行话:[2, 32094, 32099]
井:[2, 32093, 37363]
你小子:[2, 32092, 32403]
正确的答案:[2, 32038, 32048]
后间:[2, 32027, 32812]
什么是他的真实:[2, 31985, 31994]
从前的:[2, 31936, 32141]
不干净:[2, 31932, 31945]
放着:[2, 31921, 31973]
他身上:[2, 31899, 32032]
在跟:[2, 31858, 32327]
有钱:[2, 31850, 32249]
饼:[2, 31800, 31955]
烘饼:[2, 31799, 31954]
面包店:[2, 31787, 32584]
糖:[2, 31762, 31795]
椰:[2, 31760, 31793]
脚步:[2, 31742, 39689]
再加上:[2, 31730, 33357]
依旧:[2, 31727, 34231]
记忆中:[2, 31680, 32138]
愉快的假日旅行:[2, 31679, 31710]
中或许:[2, 31602, 31622]
了怎么办:[2, 31573, 31601]
那些达尔人:[2, 31415, 31464]
布袋:[2, 31408, 31486]
喃:[2, 31384, 31385]
揉:[2, 31377, 33500]
种活力:[2, 31311, 31333]
堪:[2, 31230, 44350]
肮脏:[2, 31227, 48116]
肮:[2, 31227, 48116]
一口咬:[2, 31203, 32244]
魅:[2, 31182, 39812]
的直觉:[2, 31124, 31131]
都犯罪猖獗:[2, 31071, 31083]
就算所有的:[2, 31064, 31076]
指引:[2, 31029, 31054]
那些长在:[2, 30869, 30885]
你把他送去:[2, 30852, 30913]
二千五百万个世界:[2, 30814, 31163]
承受风险:[2, 30788, 30808]
一些无法预料的事:[2, 30682, 30695]
陪他一起:[2, 30674, 30682]
发展出心理历史学:[2, 30600, 30624]
进去:[2, 30426, 31844]
要他办:[2, 30403, 30417]
掷:[2, 30399, 44115]
缄:[2, 30377, 34530]
或者让:[2, 30351, 30361]
贫穷:[2, 30250, 30256]
数据:[2, 30234, 31129]
如果这是他的:[2, 30209, 30217]
獗:[2, 30195, 30207]
猖:[2, 30194, 30206]
城:[2, 30159, 43602]
送去那:[2, 30091, 30338]
雷:[2, 29894, 33021]
失望:[2, 29841, 29867]
也许曾:[2, 29810, 29822]
拙:[2, 29771, 39435]
认为他会:[2, 29692, 29823]
骗:[2, 29663, 39012]
我希望你:[2, 29583, 29742]
尤:[2, 29543, 44399]
可怜的:[2, 29538, 30492]
灌输:[2, 29478, 35879]
灌:[2, 29478, 35879]
傲:[2, 29398, 31382]
二十岁了:[2, 29328, 30841]
雇:[2, 29126, 45892]
是乔若南党:[2, 29116, 29143]
达尔区议会:[2, 29089, 30129]
学习:[2, 29055, 30339]
不会有太多人看到你:[2, 29001, 29013]
想去:[2, 28949, 29039]
挥挥:[2, 28884, 42149]
你去:[2, 28862, 29218]
这条新闻:[2, 28731, 29161]
票:[2, 28685, 28714]
拥护:[2, 28586, 28597]
陷入无政府状态:[2, 28576, 29087]
瞥:[2, 28502, 40241]
做完了:[2, 28502, 28508]
投:[2, 28496, 28709]
晃晃:[2, 28480, 32596]
整理:[2, 28439, 28793]
芯片:[2, 28394, 28485]
芯:[2, 28394, 28485]
当选:[2, 28293, 28311]
这台计算机:[2, 28291, 28321]
人口:[2, 28193, 28202]
富:[2, 28181, 46276]
丰富:[2, 28180, 46275]
查查:[2, 28159, 30230]
这种计算机:[2, 28140, 28175]
塌:[2, 28128, 28137]
屋顶:[2, 28123, 28130]
直到某:[2, 28120, 28158]
令人不:[2, 28114, 28399]
幅:[2, 28065, 37402]
火山爆发:[2, 28062, 28148]
洋:[2, 27917, 39665]
之于:[2, 27902, 27914]
警告指示:[2, 27901, 27928]
有暴乱:[2, 27792, 27893]
天没有:[2, 27750, 27884]
到那种地步:[2, 27737, 27782]
滥:[2, 27734, 30085]
逛:[2, 27652, 27653]
剧:[2, 27620, 34908]
定义:[2, 27606, 31088]
码:[2, 27556, 33779]
可能是八:[2, 27312, 27318]
怏:[2, 27271, 27272]
什么都不做:[2, 27247, 27284]
是不是很危险:[2, 27210, 27238]
哀:[2, 27084, 47187]
是至关重要的:[2, 26905, 27016]
促:[2, 26774, 48214]
被消灭:[2, 26772, 27145]
灾难:[2, 26703, 27900]
延:[2, 26665, 31234]
岌:[2, 26314, 26315]
腐朽衰:[2, 26108, 28138]
知道什么:[2, 25982, 26107]
幕僚:[2, 25955, 35331]
很久很久以前:[2, 25826, 25930]
这是麦克根人:[2, 25746, 25772]
不是来自麦克根区的:[2, 25701, 25911]
作不是来自麦克根区:[2, 25700, 25910]
装作不是来自麦克根:[2, 25699, 25909]
要装作不是来自麦克:[2, 25698, 25908]
他要装作不是来自麦:[2, 25697, 25907]
么他要装作不是来自:[2, 25696, 25906]
什么他要装作不是来:[2, 25695, 25905]
为什么他要装作不是:[2, 25694, 25904]
黯:[2, 25690, 31716]
他们不是麦克根人:[2, 25687, 25754]
坦:[2, 25659, 40867]
即将到来的:[2, 25491, 25689]
挪:[2, 25433, 25435]
惹人:[2, 25407, 27559]
讶:[2, 25325, 48648]
是个讨:[2, 25322, 25340]
欢心:[2, 25318, 25336]
深得:[2, 25315, 25332]
童:[2, 25310, 42661]
顽:[2, 25309, 30074]
令我感到浑身不自在:[2, 25186, 25225]
俱:[2, 25170, 48596]
特殊的意义:[2, 25170, 25182]
次召见:[2, 25058, 25086]
也只:[2, 24862, 25497]
教你:[2, 24664, 24814]
奥罗拉:[2, 24525, 24559]
寿:[2, 24497, 40894]
祖:[2, 24472, 40780]
礼物:[2, 24277, 24305]
猎:[2, 24167, 38425]
参加:[2, 23957, 24857]
半信半疑:[2, 23939, 23965]
嚼:[2, 23832, 31819]
出那些:[2, 23783, 23792]
此放:[2, 23657, 25867]
的嘴唇:[2, 23651, 23778]
没有受到迫害:[2, 23642, 23655]
是一个清规森严:[2, 23614, 24061]
乃:[2, 23591, 23894]
廷:[2, 23588, 25025]
朝廷:[2, 23587, 25024]
盖:[2, 23577, 30498]
忖:[2, 23558, 34425]
暗忖:[2, 23557, 34424]
昔:[2, 23445, 29391]
另谋对策:[2, 23436, 23445]
植入人造头发:[2, 23420, 23495]
举行:[2, 23412, 23921]
奢:[2, 23406, 37733]
皇宫之:[2, 23393, 23455]
谢顿与:[2, 23337, 23355]
鉴:[2, 23298, 34338]
要以:[2, 23010, 23043]
泄:[2, 22971, 44159]
皆:[2, 22906, 24727]
极少:[2, 22814, 24545]
乔若南来自尼夏亚:[2, 22784, 22971]
毛发:[2, 22695, 22821]
秃头:[2, 22682, 22775]
不受他愚弄:[2, 22653, 22693]
鱼:[2, 22558, 24372]
他的头脑却:[2, 22554, 22606]
诞:[2, 22524, 28015]
关于麦克根:[2, 22521, 23694]
啧:[2, 22490, 22491]
当回事:[2, 22485, 22537]
烹调:[2, 22478, 24404]
烹:[2, 22478, 24404]
没人把:[2, 22478, 22532]
总有些人:[2, 22415, 22436]
建立起:[2, 22365, 27449]
那些逃:[2, 22253, 22410]
喜欢假装:[2, 22249, 22281]
但也:[2, 22240, 22672]
轻视:[2, 22225, 22594]
荡:[2, 22174, 37694]
原本应该是:[2, 22160, 22173]
滴:[2, 22100, 37371]
精确:[2, 21924, 24566]
详细:[2, 21873, 21888]
睁:[2, 21819, 32302]
我费了好大工夫:[2, 21787, 22229]
绕:[2, 21777, 37534]
幻:[2, 21774, 45330]
他的头发:[2, 21722, 21772]
因为她:[2, 21662, 22093]
要隐瞒:[2, 21633, 22416]
瞒:[2, 21599, 22381]
皮:[2, 21523, 37644]
银河标准语:[2, 21423, 21569]
有什么关系:[2, 21268, 22041]
而又至关重要:[2, 21179, 21253]
说着一口:[2, 21122, 21190]
验证一下:[2, 21091, 21371]
其他人谈:[2, 21081, 21526]
尼夏亚人:[2, 20922, 21324]
九:[2, 20888, 20908]
十九:[2, 20887, 20907]
穷乡僻壤:[2, 20829, 20875]
去想这个问题:[2, 20827, 20841]
些小故事:[2, 20737, 20798]
出身的:[2, 20734, 20755]
似是而非的:[2, 20682, 20705]
其它世界:[2, 20609, 20622]
素:[2, 20519, 35951]
哲:[2, 20513, 20521]
小官员:[2, 20430, 20752]
那些小:[2, 20311, 20559]
给我带来的:[2, 20236, 20250]
践:[2, 20235, 48985]
到广:[2, 20231, 22162]
个出身:[2, 20229, 20358]
他们的存在:[2, 20150, 20175]
在想什么:[2, 19996, 20064]
多的平等权利:[2, 19901, 19918]
灰白:[2, 19859, 19871]
有两千五百万:[2, 19849, 21132]
过他们的:[2, 19831, 19901]
个人需求:[2, 19606, 19619]
他的安全:[2, 19583, 19701]
逝去:[2, 19580, 19645]
响应:[2, 19559, 20248]
终有一天:[2, 19541, 19934]
明确:[2, 19482, 19623]
闯:[2, 19462, 22173]
当她:[2, 19394, 19473]
研究川陀:[2, 19333, 22600]
失去:[2, 19288, 19603]
撒:[2, 19180, 44924]
的心事:[2, 19149, 19161]
耗尽:[2, 19143, 19218]
耗:[2, 19143, 19218]
揣:[2, 19110, 19112]
闲:[2, 19107, 47283]
枕:[2, 19029, 22638]
姿:[2, 19024, 22077]
种近乎:[2, 19000, 21769]
催:[2, 18970, 48213]
掐:[2, 18902, 42189]
言之有理:[2, 18831, 18849]
当权:[2, 18731, 18843]
的机会:[2, 18648, 18878]
呃:[2, 18510, 48521]
陌:[2, 18471, 35758]
这个叫谢顿的家伙:[2, 18468, 18875]
摹:[2, 18466, 18498]
撞:[2, 18462, 33078]
燎:[2, 18447, 43288]
鼻:[2, 18396, 31869]
还没老:[2, 18377, 18382]
深刻的印象:[2, 18322, 18341]
蛋:[2, 18317, 47400]
不留胡子:[2, 18254, 18269]
心理历史学确实存在:[2, 18176, 18195]
凑:[2, 18066, 39693]
滑稽:[2, 18063, 22527]
了他人的:[2, 18051, 18063]
颜色:[2, 18048, 19843]
疏:[2, 17984, 17985]
祸:[2, 17886, 27719]
他留:[2, 17765, 18052]
垮:[2, 17614, 49074]
的忠诚:[2, 17600, 18947]
彻头彻尾地:[2, 17595, 19853]
强迫:[2, 17553, 23802]
偷:[2, 17500, 32276]
谢顿本人:[2, 17350, 17767]
武器:[2, 17332, 18229]
他施加压力:[2, 17236, 17912]
冻:[2, 17216, 30566]
拦:[2, 17199, 32851]
放弃:[2, 17177, 23658]
提到过:[2, 17136, 17151]
整件事:[2, 17123, 17234]
可能预:[2, 17038, 17299]
过度自信:[2, 16985, 17489]
他发笑:[2, 16959, 16981]
在斯特尔林区:[2, 16880, 16914]
少数几个:[2, 16751, 16822]
搞到:[2, 16722, 18784]
依靠心理历史学:[2, 16722, 16731]
恼:[2, 16654, 44146]
小名:[2, 16541, 16565]
枝节问题:[2, 16486, 16648]
迄今为止:[2, 16457, 16961]
升:[2, 16433, 36911]
有些位高权重的朋友:[2, 16420, 16435]
地加入:[2, 16412, 17673]
乔若南坚:[2, 16382, 16528]
往往:[2, 16378, 17981]
坚持:[2, 16309, 20157]
迄:[2, 16235, 16733]
胁:[2, 16216, 38954]
威胁:[2, 16215, 38953]
帝国的利益:[2, 16093, 16196]
竭:[2, 16079, 45772]
均:[2, 16045, 16247]
考虑帝国:[2, 15988, 16035]
考虑一下:[2, 15889, 15900]
锁:[2, 15885, 22161]
愁:[2, 15882, 37632]
知道了我:[2, 15870, 15878]
近一两个世纪:[2, 15852, 15899]
兆:[2, 15754, 28364]
亿:[2, 15753, 28201]
恳:[2, 15676, 15760]
蓦:[2, 15640, 19792]
刃:[2, 15560, 30998]
兵:[2, 15557, 38190]
没有您:[2, 15457, 15635]
您要的:[2, 15446, 15459]
劲:[2, 15376, 20767]
辅:[2, 15104, 25979]
谢顿博士:[2, 15085, 15463]
有个保护者:[2, 15047, 15280]
杀:[2, 15002, 48355]
前进:[2, 14929, 14944]
似乎想:[2, 14866, 16528]
咳:[2, 14859, 33107]
拼:[2, 14772, 23745]
那么你有没有:[2, 14724, 14974]
蹈:[2, 14680, 22143]
见面或交谈:[2, 14510, 14532]
转而:[2, 14484, 15777]
更有:[2, 14442, 14638]
能等:[2, 14427, 14433]
理解它:[2, 14384, 15394]
读:[2, 14335, 19055]
枉:[2, 14191, 20448]
既然他:[2, 14100, 14449]
谒:[2, 13946, 18484]
一无所成:[2, 13848, 14505]
朋友的:[2, 13847, 13861]
是鲜有:[2, 13839, 13856]
轻举妄动:[2, 13800, 13824]
断言:[2, 13760, 17779]
到头来:[2, 13667, 14320]
振:[2, 13577, 43519]
您的资:[2, 13524, 13736]
馆:[2, 13495, 23396]
那么干:[2, 13477, 13483]
来作客:[2, 13392, 13417]
款:[2, 13358, 42944]
喝:[2, 13343, 44575]
早上好:[2, 13333, 13344]
悍:[2, 13291, 15788]
灵:[2, 13288, 17818]
时他还:[2, 13280, 13288]
辘:[2, 13279, 13280]
肠:[2, 13278, 19160]
带了个同伴:[2, 13231, 13667]
我有点:[2, 13131, 13465]
机器人不得伤害人类:[2, 13076, 13152]
的神:[2, 12992, 13306]
打量着:[2, 12912, 13687]
讽:[2, 12883, 30794]
的嗓音:[2, 12780, 12796]
裤:[2, 12715, 33283]
译:[2, 12598, 34151]
实体:[2, 12522, 12568]
撇:[2, 12466, 41016]
附:[2, 12389, 42009]
去见丹莫茨尔:[2, 12367, 12488]
棒:[2, 12349, 32634]
见的时间:[2, 12346, 12380]
沛:[2, 12344, 30475]
次小:[2, 12258, 13434]
公事:[2, 12186, 13400]
见赐一面:[2, 12149, 12244]
显古朴的:[2, 12121, 12135]
艺:[2, 12037, 31110]
晰:[2, 12024, 42444]
署名:[2, 12014, 12046]
署:[2, 12014, 12046]
意欲何为:[2, 12009, 12029]
遣:[2, 11997, 19126]
非易事:[2, 11787, 11827]
有空:[2, 11771, 11796]
抽:[2, 11754, 15843]
间会:[2, 11733, 11800]
宣扬:[2, 11596, 22901]
晌:[2, 11502, 30014]
处境:[2, 11460, 15052]
与其:[2, 11392, 12678]
研究经费:[2, 11379, 14788]
曲:[2, 11370, 31239]
扭:[2, 11369, 33512]
奋:[2, 11249, 30923]
最小限度必要性:[2, 11237, 11825]
事公:[2, 11186, 12187]
想想看:[2, 11144, 11213]
第一定律:[2, 11095, 11160]
的最小限度:[2, 11061, 11130]
问题的关键:[2, 11028, 11033]
遵守的:[2, 10967, 13124]
遵循:[2, 10904, 24611]
要遵:[2, 10903, 13099]
其结果是:[2, 10731, 11552]
是零:[2, 10687, 10693]
导致:[2, 10672, 11402]
大于:[2, 10661, 10719]
是在解释给:[2, 10641, 10649]
是你的传声板:[2, 10607, 10719]
序:[2, 10598, 37366]
令其:[2, 10562, 12574]
数不:[2, 10477, 11108]
回合游戏:[2, 10470, 10485]
高高在上:[2, 10423, 10510]
细微:[2, 10407, 11236]
应用:[2, 10372, 10866]
委屈:[2, 10254, 34087]
你气急败坏:[2, 10015, 10021]
听懂:[2, 9953, 10195]
失笑:[2, 9938, 12072]
冒进:[2, 9877, 9915]
溢:[2, 9872, 39666]
横:[2, 9871, 35760]
对于机器人:[2, 9783, 9876]
学研究中:[2, 9751, 11197]
攥:[2, 9731, 42165]
铎丝的声音:[2, 9663, 9700]
好玩:[2, 9625, 9683]
有冒:[2, 9479, 9914]
生气的:[2, 9425, 9722]
忽:[2, 9383, 34608]
一种异乎寻常的:[2, 9378, 9689]
同一张:[2, 9319, 9324]
的角色:[2, 9283, 9919]
多些:[2, 9176, 9542]
的默契:[2, 9098, 9229]
契:[2, 9078, 9209]
苛:[2, 9049, 48073]
幸福:[2, 9028, 24254]
不是伊图:[2, 8947, 9464]
过这个话题:[2, 8933, 8944]
他的妻子:[2, 8902, 9028]
阵:[2, 8712, 30010]
蔽:[2, 8581, 15941]
男尊女卑:[2, 8517, 21983]
的沉默:[2, 8516, 8737]
圾:[2, 8515, 28577]
垃圾:[2, 8514, 28576]
垃:[2, 8514, 28576]
他早已习:[2, 8455, 9416]
唯一不:[2, 8413, 8956]
卑:[2, 8378, 21706]
尝:[2, 8345, 46949]
餐具:[2, 8268, 8516]
杯:[2, 8266, 31978]
芒:[2, 8242, 29395]
罩:[2, 8231, 49429]
厅:[2, 8222, 33962]
跟你谈:[2, 8172, 8580]
四十岁的:[2, 8116, 8148]
不必要的麻烦:[2, 8081, 8594]
述:[2, 8072, 30099]
惟:[2, 7880, 48235]
众演说:[2, 7815, 7874]
是你的监护人:[2, 7813, 7833]
骨:[2, 7696, 33163]
以客观的眼光:[2, 7378, 7415]
希望如此:[2, 7163, 7387]
柔声道:[2, 7106, 8425]
美若天仙:[2, 7034, 7053]
仙:[2, 6928, 6947]
红色:[2, 6916, 8239]
剔:[2, 6909, 7453]
苗:[2, 6907, 30503]
倚:[2, 6866, 40251]
暇:[2, 6864, 46997]
虐:[2, 6774, 21738]
撤:[2, 6678, 6690]
哑:[2, 6667, 12070]
干完:[2, 6647, 6652]
的同伙:[2, 6609, 6699]
软:[2, 6590, 32464]
爬:[2, 6437, 41603]
勒:[2, 6424, 6470]
木:[2, 6410, 17440]
了演讲台:[2, 6373, 6545]
保安马上就要来了:[2, 6362, 6566]
撕:[2, 6353, 37097]
乖:[2, 6293, 6294]
吟:[2, 6264, 14657]
喘:[2, 6251, 42324]
自豪:[2, 6201, 7966]
沿:[2, 6170, 49294]
抡:[2, 6111, 18356]
是否还够:[2, 6101, 6110]
手臂:[2, 6088, 6105]
逼:[2, 6037, 16778]
人群中有:[2, 5926, 5975]
喊:[2, 5834, 33234]
吓不倒:[2, 5771, 5778]
吓:[2, 5755, 5762]
滚:[2, 5693, 32945]
他不是我们大学的:[2, 5676, 5714]
转身面对:[2, 5649, 5902]
夺:[2, 5596, 38708]
这所大学:[2, 5548, 5618]
劝:[2, 5518, 37531]
奉:[2, 5517, 34547]
教员:[2, 5463, 5946]
膊:[2, 5387, 18360]
志:[2, 5381, 25903]
康:[2, 5380, 34273]
昵:[2, 5378, 18452]
媚:[2, 5376, 35200]
跃:[2, 5362, 21957]
演讲者背后:[2, 5275, 5693]
去叫:[2, 5258, 5265]
千万:[2, 5248, 5269]
他有许可证:[2, 5209, 5350]
报警:[2, 5202, 5208]
暴力:[2, 5141, 5935]
别冲动:[2, 5092, 5264]
抓住:[2, 5071, 6101]
无权:[2, 5021, 5488]
是哪:[2, 4981, 5682]
会爆发:[2, 4969, 5761]
抛:[2, 4944, 9247]
绒:[2, 4797, 4798]
褐:[2, 4629, 12689]
长着:[2, 4623, 4792]
奏:[2, 4556, 29758]
的自我意识:[2, 4527, 4602]
单调:[2, 4526, 4920]
狂热:[2, 4518, 13114]
在校园里:[2, 4513, 5661]
央:[2, 4509, 8532]
遥:[2, 4411, 22725]
种声音:[2, 4389, 4974]
寓:[2, 4354, 6869]
公寓:[2, 4353, 6868]
手插:[2, 4306, 6858]
液:[2, 4297, 46116]
能源:[2, 4259, 4264]
阳光:[2, 4199, 4210]
佛:[2, 4169, 23734]
仿佛:[2, 4168, 23733]
露天环境:[2, 4162, 4179]
草:[2, 4158, 25127]
遭受:[2, 4114, 8645]
阿马瑞尔的警告:[2, 4091, 4853]
郁闷:[2, 4053, 6745]
郁:[2, 4053, 6745]
好几个世:[2, 4020, 4028]
漠:[2, 3988, 9428]
伦:[2, 3981, 47069]
端:[2, 3863, 12930]
一切都会好:[2, 3819, 3846]
又转:[2, 3642, 5804]
门口:[2, 3640, 6872]
紧闭:[2, 3604, 13052]
在回:[2, 3569, 4043]
真相:[2, 3544, 3552]
毅:[2, 3524, 47784]
拟:[2, 3477, 37324]
发展到多强大:[2, 3467, 3475]
普:[2, 3367, 29925]
他父母:[2, 3323, 3350]
恢:[2, 3217, 18477]
垫:[2, 3060, 20537]
块:[2, 3059, 24371]
是个煽动家:[2, 2932, 2991]
伍:[2, 2926, 2932]
队伍:[2, 2925, 2931]
牧:[2, 2887, 18439]
俯:[2, 2839, 8326]
一个非:[2, 2695, 2879]
脆:[2, 2679, 3168]
是有直觉的:[2, 2654, 2665]
都还:[2, 2578, 3865]
罢:[2, 2538, 16200]
抗:[2, 2518, 43280]
环境下:[2, 2365, 4130]
减:[2, 2338, 38643]
增:[2, 2227, 37619]
率也:[2, 2221, 2390]
将自己:[2, 2207, 3118]
将可能:[2, 2190, 2772]
笼络:[2, 2147, 16574]
一语中的:[2, 2122, 2376]
泰:[2, 2080, 8311]
抵:[2, 1899, 29902]
痕迹:[2, 1830, 20963]
遗留:[2, 1827, 7073]
培:[2, 1806, 21507]
这样的论调:[2, 1773, 1787]
还将继续:[2, 1750, 2001]
检:[2, 1699, 31441]
甚至赶出帝国:[2, 1617, 2576]
前的政治:[2, 1581, 1657]
赶出川陀:[2, 1541, 2481]
赶出皇宫:[2, 1537, 2477]
把他赶:[2, 1518, 2781]
趁:[2, 1512, 32943]
无关紧要的琐事填满:[2, 1423, 1474]
我的整个工作日程:[2, 1370, 1421]
有时间:[2, 1366, 1907]
扫:[2, 1264, 44422]
糕:[2, 1224, 41633]
填:[2, 1190, 1238]
与世无争的:[2, 1188, 1219]
这次轮到:[2, 1100, 2371]
俊:[2, 1091, 23496]
可以继续:[2, 1035, 2106]
秀:[2, 1014, 41666]
晓:[2, 990, 44128]
悟:[2, 932, 10843]
上再:[2, 874, 1152]
四个人:[2, 823, 855]
早年:[2, 802, 1817]
一半是:[2, 757, 767]
评价甚高:[2, 679, 1556]
理解力:[2, 655, 2135]
他欠谢顿:[2, 626, 631]
使他成为了一个:[2, 541, 562]
轻易:[2, 434, 3096]
三维计算机:[2, 358, 3574]
再说一遍:[2, 274, 362]
出版:[2, 250, 258]
专制主义者:[2, 154, 167]
权统治:[2, 109, 2211]
歧:[2, 73, 9883]
飘:[1, 49300, 49300]
疚:[1, 49088, 49088]
锐:[1, 48884, 48884]
痪:[1, 48745, 48745]
瘫:[1, 48744, 48744]
旨:[1, 48668, 48668]
掺:[1, 48644, 48644]
鸣:[1, 48641, 48641]
疲:[1, 48597, 48597]
怯:[1, 48400, 48400]
勾:[1, 48119, 48119]
役:[1, 48094, 48094]
裁:[1, 48034, 48034]
批:[1, 47607, 47607]
针:[1, 47542, 47542]
猾:[1, 47514, 47514]
伪:[1, 47462, 47462]
澡:[1, 47234, 47234]
浴:[1, 47223, 47223]
卖:[1, 47134, 47134]
贺:[1, 47053, 47053]
祝:[1, 47052, 47052]
钻:[1, 47020, 47020]
刁:[1, 47019, 47019]
柄:[1, 46933, 46933]
奔:[1, 46844, 46844]
矢:[1, 46682, 46682]
狐:[1, 46625, 46625]
戈:[1, 46599, 46599]
夷:[1, 46584, 46584]
轨:[1, 46543, 46543]
售:[1, 46509, 46509]
乍:[1, 46405, 46405]
倍:[1, 46248, 46248]
射:[1, 46111, 46111]
愤:[1, 46054, 46054]
咧:[1, 46017, 46017]
呲:[1, 46015, 46015]
铁:[1, 45983, 45983]
嘶:[1, 45770, 45770]
瞧:[1, 45649, 45649]
殴:[1, 45444, 45444]
虔:[1, 45399, 45399]
诺:[1, 44751, 44751]
缈:[1, 44392, 44392]
缥:[1, 44391, 44391]
疯:[1, 44382, 44382]
拐:[1, 43917, 43917]
跌:[1, 43675, 43675]
姑:[1, 43667, 43667]
烁:[1, 43658, 43658]
廓:[1, 43645, 43645]
磁:[1, 43503, 43503]
米:[1, 42956, 42956]
溯:[1, 42951, 42951]
孰:[1, 42901, 42901]
肺:[1, 42759, 42759]
漂:[1, 42437, 42437]
砸:[1, 42393, 42393]
擦:[1, 42276, 42276]
协:[1, 42252, 42252]
贴:[1, 42036, 42036]
枢:[1, 42031, 42031]
筑:[1, 42012, 42012]
庞:[1, 42001, 42001]
拱:[1, 41994, 41994]
寝:[1, 41986, 41986]
瘤:[1, 41939, 41939]
哭:[1, 41609, 41609]
碰:[1, 39879, 39879]
润:[1, 39843, 39843]
腴:[1, 39838, 39838]
囊:[1, 39804, 39804]
瞄:[1, 39533, 39533]
瘪:[1, 39332, 39332]
幢:[1, 39299, 39299]
甜:[1, 38475, 38475]
涉:[1, 38424, 38424]
押:[1, 38191, 38191]
弹:[1, 38187, 38187]
荷:[1, 38184, 38184]
缭:[1, 37896, 37896]
盏:[1, 37879, 37879]
悯:[1, 37684, 37684]
绷:[1, 37647, 37647]
肤:[1, 37645, 37645]
颊:[1, 37641, 37641]
圈:[1, 37638, 37638]
磅:[1, 37623, 37623]
春:[1, 37509, 37509]
睹:[1, 37478, 37478]
盆:[1, 37468, 37468]
苍:[1, 37462, 37462]
襟:[1, 37415, 37415]
衬:[1, 37411, 37411]
暑:[1, 37392, 37392]
酷:[1, 37391, 37391]
寒:[1, 37390, 37390]
缀:[1, 37350, 37350]
涌:[1, 37203, 37203]
兜:[1, 36948, 36948]
矣:[1, 36661, 36661]
综:[1, 36433, 36433]
狱:[1, 36426, 36426]
塔:[1, 36165, 36165]
吊:[1, 35847, 35847]
甩:[1, 35792, 35792]
恍:[1, 35763, 35763]
陋:[1, 35749, 35749]
岂:[1, 35552, 35552]
丽:[1, 35500, 35500]
绚:[1, 35499, 35499]
牍:[1, 35211, 35211]
谄:[1, 35199, 35199]
逢:[1, 34722, 34722]
妥:[1, 34269, 34269]
庆:[1, 34227, 34227]
截:[1, 34212, 34212]
玉:[1, 34178, 34178]
拔:[1, 33922, 33922]
携:[1, 33908, 33908]
堵:[1, 33539, 33539]
呛:[1, 33490, 33490]
揍:[1, 33487, 33487]
陆:[1, 33478, 33478]
昆:[1, 33456, 33456]
旺:[1, 33414, 33414]
扣:[1, 33311, 33311]
帽:[1, 33309, 33309]
筒:[1, 33288, 33288]
靴:[1, 33287, 33287]
筋:[1, 33162, 33162]
惨:[1, 33058, 33058]
尖:[1, 33041, 33041]
蹬:[1, 33038, 33038]
掩:[1, 33024, 33024]
扒:[1, 32962, 32962]
懒:[1, 32906, 32906]
躲:[1, 32809, 32809]
玄:[1, 32604, 32604]
臭:[1, 32499, 32499]
香:[1, 32477, 32477]
屁:[1, 32353, 32353]
废:[1, 32336, 32336]
乘:[1, 32268, 32268]
市:[1, 32092, 32092]
啡:[1, 31953, 31953]
咖:[1, 31952, 31952]
货:[1, 31824, 31824]
蜡:[1, 31820, 31820]
遢:[1, 31751, 31751]
邋:[1, 31750, 31750]
绰:[1, 31609, 31609]
互:[1, 31606, 31606]
橱:[1, 31523, 31523]
矗:[1, 31501, 31501]
倨:[1, 31381, 31381]
矫:[1, 31376, 31376]
贱:[1, 31361, 31361]
觅:[1, 31301, 31301]
淌:[1, 31249, 31249]
蜒:[1, 31242, 31242]
蜿:[1, 31241, 31241]
折:[1, 31240, 31240]
蔓:[1, 31233, 31233]
违:[1, 30669, 30669]
璃:[1, 30497, 30497]
玻:[1, 30496, 30496]
棵:[1, 30479, 30479]
赌:[1, 30401, 30401]
冥:[1, 30073, 30073]
窝:[1, 30048, 30048]
贼:[1, 30047, 30047]
盗:[1, 30045, 30045]
攻:[1, 29906, 29906]
哮:[1, 29892, 29892]
咆:[1, 29891, 29891]
寄:[1, 29782, 29782]
胎:[1, 29628, 29628]
挽:[1, 29611, 29611]
馊:[1, 29590, 29590]
锋:[1, 29394, 29394]
敞:[1, 29326, 29326]
邀:[1, 29263, 29263]
扯:[1, 29203, 29203]
腾:[1, 29058, 29058]
扎:[1, 28777, 28777]
浃:[1, 28768, 28768]
绍:[1, 28302, 28302]
宅:[1, 28103, 28103]
脉:[1, 28009, 28009]
诊:[1, 28008, 28008]
汪:[1, 27916, 27916]
伏:[1, 27913, 27913]
涛:[1, 27911, 27911]
泛:[1, 27733, 27733]
洪:[1, 27731, 27731]
凸:[1, 27571, 27571]
编:[1, 27555, 27555]
搪:[1, 27515, 27515]
瞎:[1, 27065, 27065]
框:[1, 27041, 27041]
峻:[1, 26963, 26963]
贯:[1, 26656, 26656]
纱:[1, 26647, 26647]
翻:[1, 26224, 26224]
核:[1, 26210, 26210]
萎:[1, 26181, 26181]
贸:[1, 26177, 26177]
绾:[1, 26034, 26034]
宰:[1, 25978, 25978]
席:[1, 25954, 25954]
撑:[1, 25882, 25882]
肘:[1, 25881, 25881]
壁:[1, 25700, 25700]
灯:[1, 25688, 25688]
肴:[1, 25683, 25683]
舍:[1, 25368, 25368]
割:[1, 25367, 25367]
驭:[1, 25254, 25254]
谍:[1, 25211, 25211]
孙:[1, 24563, 24563]
霸:[1, 24516, 24516]
颔:[1, 24376, 24376]
叉:[1, 24365, 24365]
姻:[1, 24253, 24253]
婚:[1, 24252, 24252]
撮:[1, 24206, 24206]
犬:[1, 24168, 24168]
妙:[1, 24144, 24144]
誉:[1, 24082, 24082]
宴:[1, 23840, 23840]
踞:[1, 23829, 23829]
衡:[1, 23632, 23632]
凌:[1, 23582, 23582]
英:[1, 23495, 23495]
仪:[1, 23474, 23474]
硕:[1, 23473, 23473]
棱:[1, 23463, 23463]
宾:[1, 23395, 23395]
涩:[1, 23168, 23168]
签:[1, 22855, 22855]
医:[1, 22853, 22853]
病:[1, 22829, 22829]
昭:[1, 22792, 22792]
鬓:[1, 22779, 22779]
封:[1, 22739, 22739]
挨:[1, 22663, 22663]
粉:[1, 22583, 22583]
殃:[1, 22560, 22560]
池:[1, 22557, 22557]
聪:[1, 22453, 22453]
番:[1, 22176, 22176]
枷:[1, 22160, 22160]
尸:[1, 22146, 22146]
矩:[1, 22144, 22144]
榨:[1, 22091, 22091]
汁:[1, 22089, 22089]
绞:[1, 22086, 22086]
惘:[1, 22016, 22016]
跳:[1, 21956, 21956]
琢:[1, 21953, 21953]
绎:[1, 21928, 21928]
浮:[1, 21688, 21688]
瞑:[1, 21638, 21638]
盲:[1, 21243, 21243]
戳:[1, 21128, 21128]
搜:[1, 21112, 21112]
捻:[1, 21064, 21064]
溜:[1, 20988, 20988]
悉:[1, 20657, 20657]
农:[1, 20571, 20571]
铺:[1, 20536, 20536]
慧:[1, 20524, 20524]
冤:[1, 20447, 20447]
踏:[1, 20236, 20236]
烟:[1, 19679, 19679]
畅:[1, 19558, 19558]
舒:[1, 19557, 19557]
噬:[1, 19299, 19299]
寰:[1, 19183, 19183]
胶:[1, 19060, 19060]
阅:[1, 19054, 19054]
滞:[1, 19036, 19036]
躺:[1, 19022, 19022]
眠:[1, 18971, 18971]
缚:[1, 18788, 18788]
咱:[1, 18649, 18649]
返:[1, 18497, 18497]
煌:[1, 18496, 18496]
艽:[1, 18493, 18493]
蝗:[1, 18491, 18491]
樱:[1, 18490, 18490]
晕:[1, 18487, 18487]
褂:[1, 18485, 18485]
鄹:[1, 18480, 18480]
煺:[1, 18479, 18479]
钏:[1, 18473, 18473]
饬:[1, 18472, 18472]
聿:[1, 18470, 18470]
宜:[1, 18468, 18468]
媲:[1, 18467, 18467]
岬:[1, 18465, 18465]
缁:[1, 18464, 18464]
闵:[1, 18463, 18463]
醋:[1, 18460, 18460]
抢:[1, 18459, 18459]
椭:[1, 18457, 18457]
惶:[1, 18456, 18456]
艘:[1, 18455, 18455]
萌:[1, 18454, 18454]
蟊:[1, 18451, 18451]
蛑:[1, 18449, 18449]
唬:[1, 18448, 18448]
锒:[1, 18444, 18444]
浯:[1, 18443, 18443]
妇:[1, 18442, 18442]
黾:[1, 18441, 18441]
锍:[1, 18440, 18440]
钡:[1, 18438, 18438]
崾:[1, 18435, 18435]
曰:[1, 18434, 18434]
曛:[1, 18432, 18432]
邪:[1, 18430, 18430]
嗵:[1, 18428, 18428]
积:[1, 18404, 18404]
鸟:[1, 18402, 18402]
胳:[1, 18359, 18359]
训:[1, 18324, 18324]
驳:[1, 18005, 18005]
撼:[1, 17811, 17811]
葬:[1, 17630, 17630]
砍:[1, 17457, 17457]
伐:[1, 17439, 17439]
斩:[1, 17201, 17201]
寂:[1, 17103, 17103]
驱:[1, 17041, 17041]
卜:[1, 17023, 17023]
占:[1, 17022, 17022]
江:[1, 16615, 16615]
粮:[1, 16516, 16516]
汲:[1, 16509, 16509]
拇:[1, 16501, 16501]
舵:[1, 16386, 16386]
末:[1, 16322, 16322]
帆:[1, 16258, 16258]
壳:[1, 16198, 16198]
蒂:[1, 16056, 16056]
匀:[1, 16046, 16046]
漆:[1, 15912, 15912]
呜:[1, 15793, 15793]
喑:[1, 15792, 15792]
恕:[1, 15593, 15593]
澜:[1, 15554, 15554]
呈:[1, 15228, 15228]
绵:[1, 15166, 15166]
蜂:[1, 15123, 15123]
佐:[1, 15105, 15105]
讳:[1, 15085, 15085]
趟:[1, 14682, 14682]
裕:[1, 14577, 14577]
累:[1, 14515, 14515]
懊:[1, 13610, 13610]
宏:[1, 13417, 13417]
饥:[1, 13277, 13277]
褛:[1, 13276, 13276]
褴:[1, 13275, 13275]
蓄:[1, 13226, 13226]
哝:[1, 13067, 13067]
嘟:[1, 13066, 13066]
瞟:[1, 13043, 13043]
腮:[1, 12956, 12956]
拨:[1, 12783, 12783]
圆:[1, 12674, 12674]
胖:[1, 12671, 12671]
梧:[1, 12622, 12622]
魁:[1, 12621, 12621]
伯:[1, 12597, 12597]
仲:[1, 12596, 12596]
迁:[1, 12536, 12536]
煞:[1, 12138, 12138]
伎:[1, 12114, 12114]
凤:[1, 12033, 12033]
龙:[1, 12031, 12031]
盎:[1, 12008, 12008]
冀:[1, 11964, 11964]
跎:[1, 11665, 11665]
蹉:[1, 11664, 11664]
鼓:[1, 11640, 11640]
旗:[1, 11639, 11639]
丈:[1, 10877, 10877]
肚:[1, 10450, 10450]
竞:[1, 10316, 10316]
畴:[1, 10188, 10188]
拳:[1, 9734, 9734]
尬:[1, 9720, 9720]
尴:[1, 9719, 9719]
抿:[1, 9648, 9648]
倩:[1, 9646, 9646]
遐:[1, 9328, 9328]
卧:[1, 9305, 9305]
庭:[1, 9296, 9296]
滋:[1, 9228, 9228]
厮:[1, 9002, 9002]
配:[1, 8849, 8849]
湃:[1, 8747, 8747]
澎:[1, 8746, 8746]
涡:[1, 8524, 8524]
漩:[1, 8523, 8523]
憎:[1, 8396, 8396]
锢:[1, 8382, 8382]
搁:[1, 8303, 8303]
耽:[1, 8302, 8302]
晶:[1, 8265, 8265]
巾:[1, 8263, 8263]
桃:[1, 8238, 8238]
嵌:[1, 8206, 8206]
咎:[1, 7932, 7932]
浩:[1, 7849, 7849]
肋:[1, 7695, 7695]
僵:[1, 7653, 7653]
恙:[1, 7475, 7475]
岔:[1, 7459, 7459]
歹:[1, 7397, 7397]
链:[1, 7388, 7388]
吻:[1, 7110, 7110]
螓:[1, 7088, 7088]
雾:[1, 7064, 7064]
元:[1, 6871, 6871]
丧:[1, 6789, 6789]
沮:[1, 6788, 6788]
扶:[1, 6679, 6679]
欺:[1, 6589, 6589]
淫:[1, 6553, 6553]
镖:[1, 6458, 6458]
嚷:[1, 6444, 6444]
脖:[1, 6429, 6429]
哄:[1, 6402, 6402]
觑:[1, 6311, 6311]
踹:[1, 6268, 6268]
呻:[1, 6263, 6263]
忾:[1, 6199, 6199]
仇:[1, 6197, 6197]
哗:[1, 6192, 6192]
臼:[1, 6175, 6175]
摔:[1, 6163, 6163]
汉:[1, 5984, 5984]
彪:[1, 5981, 5981]
辨:[1, 5679, 5679]
剥:[1, 5595, 5595]
拢:[1, 5505, 5505]
惕:[1, 5407, 5407]
簧:[1, 5392, 5392]
吣:[1, 5390, 5390]
睾:[1, 5389, 5389]
槐:[1, 5388, 5388]
乙:[1, 5386, 5386]
耍:[1, 5385, 5385]
芴:[1, 5383, 5383]
湍:[1, 5382, 5382]
眨:[1, 5377, 5377]
薨:[1, 5375, 5375]
腥:[1, 5372, 5372]
闹:[1, 5371, 5371]
奶:[1, 5368, 5368]
叩:[1, 5367, 5367]
崭:[1, 5366, 5366]
章:[1, 5341, 5341]
挤:[1, 5307, 5307]
噪:[1, 4890, 4890]
嚣:[1, 4713, 4713]
丘:[1, 4473, 4473]
夹:[1, 4309, 4309]
省:[1, 4258, 4258]
坪:[1, 4159, 4159]
荫:[1, 4157, 4157]
班:[1, 4041, 4041]
胆:[1, 3902, 3902]
倪:[1, 3864, 3864]
暮:[1, 3841, 3841]
辽:[1, 3803, 3803]
睫:[1, 3509, 3509]
拭:[1, 3483, 3483]
氏:[1, 3390, 3390]
姓:[1, 3389, 3389]
幼:[1, 3342, 3342]
摧:[1, 3202, 3202]
酪:[1, 2900, 2900]
嘛:[1, 2136, 2136]
肢:[1, 2009, 2009]
杆:[1, 2004, 2004]
炼:[1, 1999, 1999]
锻:[1, 1998, 1998]
魄:[1, 1934, 1934]
励:[1, 1896, 1896]
弛:[1, 1880, 1880]
栽:[1, 1805, 1805]
砺:[1, 1781, 1781]
舌:[1, 1748, 1748]
膜:[1, 1572, 1572]
钥:[1, 1317, 1317]
符:[1, 1305, 1305]
创:[1, 1301, 1301]
储:[1, 1275, 1275]
辜:[1, 1043, 1043]
障:[1, 998, 998]
洞:[1, 944, 944]
逅:[1, 819, 819]
邂:[1, 818, 818]
莞:[1, 753, 753]
爷:[1, 586, 586]
忌:[1, 567, 567]
饮:[1, 528, 528]
屑:[1, 318, 318]
崛:[1, 217, 217]
